#                  name    selected         comp(a)    formation_energy    hull_dist(MASTER,atom_frac)        clex()    clex_hull_dist(MASTER,atom_frac)
    SCEL1_1_1_1_0_0_0/0           1      1.00000000         -0.00000000                     0.00000000    0.00480672                          0.00000000
    SCEL1_1_1_1_0_0_0/1           1      0.00000000         0.00000000                      0.00000000    -0.00909880                         0.00000000
    SCEL2_2_1_1_0_0_1/0           1      0.50000000         -0.03362458                     0.07908787    -0.03003070                         0.08082594
    SCEL2_2_1_1_0_1_1/0           1      0.50000000         -0.05306719                     0.06612613    -0.05241726                         0.06590157
    SCEL3_3_1_1_0_0_2/0           1      0.66666667         -0.07657772                     0.02815741    -0.08248564                         0.02440118
    SCEL3_3_1_1_0_0_2/1           1      0.33333333         -0.00247946                     0.07507910    0.00098185                          0.07864590
    SCEL3_3_1_1_0_2_1/0           1      0.66666667         -0.11653362                     0.00418387    -0.11252230                         0.00637919
    SCEL3_3_1_1_0_2_1/1           1      0.33333333         -0.07168021                     0.02317854    -0.07004874                         0.02537295
    SCEL3_3_1_1_0_2_2/0           1      0.66666667         0.00297396                      0.07588842    0.00374185                          0.07613768
    SCEL3_3_1_1_0_2_2/1           1      0.33333333         -0.01113396                     0.06858823    -0.01362695                         0.06768929
    SCEL4_2_2_1_0_1_0/0           1      0.75000000         -0.09173820                     0.00946179    -0.09373517                         0.00839839
    SCEL4_2_2_1_0_1_0/1           1      0.25000000         -0.02685051                     0.04071896    -0.02530695                         0.04390181
    SCEL4_2_2_1_1_1_0/0           1      0.75000000         0.03072950                      0.07944333    0.02766470                          0.07776975
    SCEL4_2_2_1_1_1_0/1           1      0.25000000         -0.06100486                     0.01339548    -0.05867293                         0.01720902
    SCEL4_4_1_1_0_0_0/0           1      0.75000000         -0.04503584                     0.03614885    -0.03191757                         0.04372273
    SCEL4_4_1_1_0_0_0/1           1      0.50000000         0.00084257                      0.10206597    -0.00154891                         0.09981381
    SCEL4_4_1_1_0_0_0/2           1      0.25000000         -0.00705429                     0.05655594    -0.00336564                         0.06145485
    SCEL4_4_1_1_0_0_2/0           1      0.75000000         -0.10660828                     0.00096460    -0.10821972                         0.00012151
    SCEL4_4_1_1_0_0_2/1           1      0.50000000         -0.06309656                     0.05943987    -0.06330176                         0.05864524
    SCEL4_4_1_1_0_0_2/2           1      0.25000000         -0.01161094                     0.05291062    -0.00966455                         0.05641572
    SCEL4_4_1_1_0_0_3/0           1      0.75000000         -0.02977428                     0.04486974    -0.03552079                         0.04166375
    SCEL4_4_1_1_0_0_3/1           1      0.50000000         -0.03937695                     0.07525295    -0.03270535                         0.07904285
    SCEL4_4_1_1_0_0_3/2           1      0.25000000         -0.01638868                     0.04908843    -0.01969613                         0.04839047
    SCEL4_4_1_1_0_1_0/0           1      0.75000000         -0.06269318                     0.02605895    -0.06784743                         0.02319139
    SCEL4_4_1_1_0_1_0/1           1      0.50000000         -0.04704055                     0.07014388    -0.05675620                         0.06300895
    SCEL4_4_1_1_0_1_0/2           1      0.25000000         -0.01975622                     0.04639440    -0.02054919                         0.04770802
    SCEL4_4_1_1_0_2_1/0           1      0.75000000         -0.05610181                     0.02982544    -0.05512804                         0.03045961
    SCEL4_4_1_1_0_2_1/1           1      0.50000000         -0.15225637                     0.00000000    -0.15126962                         0.00000000
    SCEL4_4_1_1_0_2_1/2           1      0.25000000         -0.07774921                     0.00000000    -0.07885030                         0.00106712
    SCEL5_1_1_5_0_0_0/0           1      0.80000000         -0.01392118                     0.04578569    -0.01984432                         0.04401304
    SCEL5_1_1_5_0_0_0/1           1      0.60000000         -0.01006549                     0.07808819    -0.01616839                         0.07389501
    SCEL5_1_1_5_0_0_0/2           1      0.60000000         -0.02458047                     0.06901632    -0.02330920                         0.06943201
    SCEL5_1_1_5_0_0_0/3           1      0.40000000         -0.02586996                     0.06898825    -0.02816238                         0.06762363
    SCEL5_1_1_5_0_0_0/4           1      0.40000000         0.00552708                      0.09141470    0.00560364                          0.09174221
    SCEL5_1_1_5_0_0_0/5           1      0.20000000         -0.00723104                     0.04580694    -0.00570657                         0.05021713
    SCEL5_5_1_1_0_0_3/0           1      0.80000000         -0.06582601                     0.01694968    -0.07729648                         0.01209517
    SCEL5_5_1_1_0_0_3/1           1      0.60000000         -0.10341008                     0.01974782    -0.09559674                         0.02425230
    SCEL5_5_1_1_0_0_3/2           1      0.60000000         -0.06946094                     0.04096603    -0.06516169                         0.04327421
    SCEL5_5_1_1_0_0_3/3           1      0.40000000         -0.04905737                     0.05242581    -0.05395780                         0.04919832
    SCEL5_5_1_1_0_0_3/4           1      0.40000000         -0.01835377                     0.07435695    -0.02490716                         0.06994878
    SCEL5_5_1_1_0_0_3/5           1      0.20000000         -0.00070143                     0.05124828    0.00181588                          0.05648584
    SCEL5_5_1_1_0_0_4/0           1      0.80000000         -0.05730478                     0.02168370    -0.03999221                         0.03281977
    SCEL5_5_1_1_0_0_4/1           1      0.60000000         -0.06313958                     0.04491688    -0.06361778                         0.04423915
    SCEL5_5_1_1_0_0_4/2           1      0.60000000         -0.00780675                     0.07949990    -0.01485656                         0.07471491
    SCEL5_5_1_1_0_0_4/3           1      0.40000000         -0.00653565                     0.08279847    -0.00652192                         0.08308109
    SCEL5_5_1_1_0_0_4/4           1      0.40000000         -0.03432986                     0.06294547    -0.03356307                         0.06376599
    SCEL5_5_1_1_0_0_4/5           1      0.20000000         -0.00608567                     0.04676142    -0.00438397                         0.05131930
    SCEL5_5_1_1_0_1_3/0           1      0.80000000         -0.08686661                     0.00526046    -0.09154559                         0.00417900
    SCEL5_5_1_1_0_1_3/1           1      0.60000000         -0.12077771                     0.00889305    -0.11778583                         0.01038412
    SCEL5_5_1_1_0_1_3/2           1      0.40000000         -0.08110683                     0.02953334    -0.08666038                         0.02583934
    SCEL5_5_1_1_0_1_3/3           1      0.20000000         -0.03249201                     0.02475613    -0.03207580                         0.02824277
    SCEL5_5_1_1_0_4_3/0           1      0.80000000         -0.05605169                     0.02237986    -0.05626778                         0.02377778
    SCEL5_5_1_1_0_4_3/1           1      0.60000000         -0.06562321                     0.04336461    -0.06748116                         0.04182454
    SCEL5_5_1_1_0_4_3/2           1      0.60000000         -0.02911021                     0.06618524    -0.03141817                         0.06436391
    SCEL5_5_1_1_0_4_3/3           1      0.40000000         -0.04373994                     0.05622398    -0.04839947                         0.05316856
    SCEL5_5_1_1_0_4_3/4           1      0.40000000         -0.02287384                     0.07112834    -0.02872922                         0.06721874
    SCEL5_5_1_1_0_4_3/5           1      0.20000000         -0.04059812                     0.01800104    -0.03727824                         0.02390740
    SCEL6_2_3_1_0_1_0/0           1      0.83333333         -0.05572074                     0.01780405    -0.05684600                         0.01962477
    SCEL6_2_3_1_0_1_0/1           1      0.66666667         -0.08997613                     0.02011836    -0.08431046                         0.02330630
    SCEL6_2_3_1_0_1_0/2           1      0.66666667         -0.07440507                     0.02946100    -0.07388660                         0.02956061
    SCEL6_2_3_1_0_1_0/3           1      0.50000000         -0.05785490                     0.06293431    -0.05969160                         0.06105201
    SCEL6_2_3_1_0_1_0/4           1      0.50000000         -0.03580498                     0.07763426    -0.03431447                         0.07797010
    SCEL6_2_3_1_0_1_0/5           1      0.33333333         -0.01423816                     0.06626008    -0.01882405                         0.06379147
    SCEL6_2_3_1_0_1_0/6           1      0.33333333         -0.01564454                     0.06520529    -0.01495168                         0.06669575
    SCEL6_2_3_1_0_1_0/7           1      0.16666667         -0.00566128                     0.03957559    -0.00245391                         0.04631585
    SCEL6_3_1_2_0_0_0/0           1      0.83333333         -0.06066747                     0.01510583    -0.06040785                         0.01768194
    SCEL6_3_1_2_0_0_0/1           1      0.66666667         -0.07961534                     0.02633484    -0.07872287                         0.02665885
    SCEL6_3_1_2_0_0_0/2           1      0.66666667         -0.09001954                     0.02009232    -0.08469373                         0.02307633
    SCEL6_3_1_2_0_0_0/3           1      0.50000000         -0.04967265                     0.06838915    -0.05272287                         0.06569784
    SCEL6_3_1_2_0_0_0/4           1      0.50000000         -0.03585752                     0.07759924    -0.03345319                         0.07854429
    SCEL6_3_1_2_0_0_0/5           1      0.33333333         -0.01026682                     0.06923859    -0.01173485                         0.06910837
    SCEL6_3_1_2_0_0_0/6           1      0.33333333         -0.01909682                     0.06261608    -0.01817145                         0.06428092
    SCEL6_3_1_2_0_0_0/7           1      0.16666667         -0.01254755                     0.03367308    -0.00147128                         0.04715811
    SCEL6_3_1_2_0_0_2/0           1      0.83333333         -0.04221295                     0.02517194    -0.05655796                         0.01978188
    SCEL6_3_1_2_0_0_2/1           1      0.66666667         -0.05663071                     0.04012562    -0.05595649                         0.04031867
    SCEL6_3_1_2_0_0_2/2           1      0.66666667         -0.08408574                     0.02365260    -0.08035511                         0.02567950
    SCEL6_3_1_2_0_0_2/3           1      0.50000000         -0.05318474                     0.06604775    -0.05360448                         0.06511010
    SCEL6_3_1_2_0_0_2/4           1      0.50000000         -0.04134694                     0.07393962    -0.05467814                         0.06439432
    SCEL6_3_1_2_0_0_2/5           1      0.33333333         -0.02665309                     0.05694888    -0.03263681                         0.05343190
    SCEL6_3_1_2_0_0_2/6           1      0.33333333         -0.02523045                     0.05801586    -0.02781108                         0.05705120
    SCEL6_3_1_2_0_0_2/7           1      0.16666667         -0.00152156                     0.04312393    -0.00123561                         0.04736011
    SCEL6_3_1_2_0_2_2/0           1      0.83333333         -0.06259625                     0.01405377    -0.06618523                         0.01453065
    SCEL6_3_1_2_0_2_2/1           1      0.66666667         -0.04446676                     0.04742399    -0.05059199                         0.04353738
    SCEL6_3_1_2_0_2_2/2           1      0.66666667         -0.09563860                     0.01672089    -0.09351078                         0.01778610
    SCEL6_3_1_2_0_2_2/3           1      0.50000000         -0.03837497                     0.07592093    -0.03802471                         0.07549661
    SCEL6_3_1_2_0_2_2/4           1      0.50000000         -0.07898684                     0.04884635    -0.07444130                         0.05121888
    SCEL6_3_1_2_0_2_2/5           1      0.33333333         -0.01837388                     0.06315829    -0.02128356                         0.06194684
    SCEL6_3_1_2_0_2_2/6           1      0.33333333         -0.02510181                     0.05811234    -0.02162274                         0.06169246
    SCEL6_3_1_2_0_2_2/7           1      0.16666667         -0.00970678                     0.03610802    -0.00844498                         0.04118065
    SCEL6_3_2_1_0_1_2/0           1      0.83333333         -0.08836150                     0.00000000    -0.09282475                         0.00000000
    SCEL6_3_2_1_0_1_2/1           1      0.66666667         -0.10662722                     0.01012771    -0.11049729                         0.00759420
    SCEL6_3_2_1_0_1_2/2           1      0.66666667         -0.11362864                     0.00592686    -0.11808254                         0.00304305
    SCEL6_3_2_1_0_1_2/3           1      0.50000000         -0.11194141                     0.02687664    -0.11349997                         0.02517976
    SCEL6_3_2_1_0_1_2/4           1      0.50000000         -0.08618723                     0.04404609    -0.08019270                         0.04738461
    SCEL6_3_2_1_0_1_2/5           1      0.33333333         -0.05118288                     0.03855154    -0.06103031                         0.03213678
    SCEL6_3_2_1_0_1_2/6           1      0.33333333         -0.00298822                     0.07469754    -0.00895904                         0.07119023
    SCEL6_3_2_1_0_1_2/7           1      0.16666667         -0.01031733                     0.03558470    -0.00638750                         0.04294421
    SCEL6_6_1_1_0_0_5/0           1      0.83333333         -0.03722839                     0.02789079    -0.03344855                         0.03238702
    SCEL6_6_1_1_0_0_5/1           1      0.66666667         -0.02054592                     0.06177649    -0.02390720                         0.05954825
    SCEL6_6_1_1_0_0_5/2           1      0.66666667         -0.02407328                     0.05966008    -0.03726342                         0.05153452
    SCEL6_6_1_1_0_0_5/3           1      0.50000000         -0.01268788                     0.09304566    -0.02046131                         0.08720554
    SCEL6_6_1_1_0_0_5/4           1      0.50000000         -0.03626183                     0.07732970    -0.03693244                         0.07622479
    SCEL6_6_1_1_0_0_5/5           1      0.33333333         -0.03133393                     0.05343825    -0.02037221                         0.06263035
    SCEL6_6_1_1_0_0_5/6           1      0.33333333         -0.01858718                     0.06299831    -0.02086751                         0.06225888
    SCEL6_6_1_1_0_0_5/7           1      0.16666667         -0.00763236                     0.03788610    -0.00609261                         0.04319697
    SCEL6_6_1_1_0_1_0/0           1      0.83333333         -0.05312191                     0.01922160    -0.05378881                         0.02129233
    SCEL6_6_1_1_0_1_0/1           1      0.66666667         -0.05184693                     0.04299588    -0.04340467                         0.04784977
    SCEL6_6_1_1_0_1_0/2           1      0.66666667         -0.05131098                     0.04331745    -0.04889247                         0.04455709
    SCEL6_6_1_1_0_1_0/3           1      0.50000000         -0.01574693                     0.09100630    -0.01518887                         0.09072050
    SCEL6_6_1_1_0_1_0/4           1      0.50000000         -0.07196546                     0.05352728    -0.06652365                         0.05649731
    SCEL6_6_1_1_0_1_0/5           1      0.33333333         -0.04062529                     0.04646973    -0.03249775                         0.05353620
    SCEL6_6_1_1_0_1_0/6           1      0.33333333         -0.02568352                     0.05767606    -0.02397316                         0.05992964
    SCEL6_6_1_1_0_1_0/7           1      0.16666667         -0.02437557                     0.02353478    -0.02873369                         0.02379033
    SCEL6_6_1_1_0_1_4/0           1      0.83333333         -0.07157454                     0.00915653    -0.07000846                         0.01244525
    SCEL6_6_1_1_0_1_4/1           1      0.66666667         -0.11693225                     0.00394470    -0.11618771                         0.00417994
    SCEL6_6_1_1_0_1_4/2           1      0.66666667         -0.04418270                     0.04759442    -0.04508918                         0.04683906
    SCEL6_6_1_1_0_1_4/3           1      0.50000000         -0.05416483                     0.06539436    -0.06072879                         0.06036055
    SCEL6_6_1_1_0_1_4/4           1      0.50000000         -0.07864207                     0.04907620    -0.08350029                         0.04517955
    SCEL6_6_1_1_0_1_4/5           1      0.33333333         -0.01172924                     0.06814177    -0.01558725                         0.06621907
    SCEL6_6_1_1_0_1_4/6           1      0.33333333         -0.05562590                     0.03521927    -0.05780934                         0.03455250
    SCEL6_6_1_1_0_1_4/7           1      0.16666667         -0.02339373                     0.02437635    -0.01892630                         0.03219666
    SCEL6_6_1_1_0_3_2/0           1      0.83333333         -0.03888605                     0.02698661    -0.03833594                         0.02972117
    SCEL6_6_1_1_0_3_2/1           1      0.66666667         -0.06275188                     0.03645291    -0.07214561                         0.03060520
    SCEL6_6_1_1_0_3_2/2           1      0.66666667         -0.01943364                     0.06244386    -0.01838007                         0.06286453
    SCEL6_6_1_1_0_3_2/3           1      0.50000000         -0.07948790                     0.04851232    -0.07924746                         0.04801477
    SCEL6_6_1_1_0_3_2/4           1      0.50000000         -0.04683483                     0.07028103    -0.04710507                         0.06944303
    SCEL6_6_1_1_0_3_2/5           1      0.33333333         -0.07199977                     0.02293887    -0.07185143                         0.02402094
    SCEL6_6_1_1_0_3_2/6           1      0.33333333         -0.05948752                     0.03232306    -0.05913546                         0.03355791
    SCEL6_6_1_1_0_3_2/7           1      0.16666667         -0.03685401                     0.01283897    -0.04117605                         0.01312545
    SCEL6_6_1_1_0_5_5/0           1      0.83333333         -0.02356796                     0.03534193    -0.01573581                         0.04204851
    SCEL6_6_1_1_0_5_5/1           1      0.66666667         -0.00899322                     0.06870811    -0.01468288                         0.06508284
    SCEL6_6_1_1_0_5_5/2           1      0.66666667         -0.04171469                     0.04907523    -0.03662297                         0.05191879
    SCEL6_6_1_1_0_5_5/3           1      0.50000000         -0.01800171                     0.08950311    -0.01372203                         0.09169839
    SCEL6_6_1_1_0_5_5/4           1      0.50000000         -0.01000280                     0.09483572    -0.01025125                         0.09401225
    SCEL6_6_1_1_0_5_5/5           1      0.33333333         0.00183524                      0.07831513    0.00215799                          0.07952800
    SCEL6_6_1_1_0_5_5/6           1      0.33333333         -0.02229916                     0.06021433    -0.01889893                         0.06373531
    SCEL6_6_1_1_0_5_5/7           1      0.16666667         -0.00574848                     0.03950085    -0.00627194                         0.04304326
    SCEL7_7_1_1_0_0_0/0           1      0.85714286         -0.01538087                     0.03405850    -0.01280116                         0.03612543
    SCEL7_7_1_1_0_0_0/1           1      0.71428571         -0.02146421                     0.05473320    -0.01663496                         0.05745038
    SCEL7_7_1_1_0_0_0/2           1      0.71428571         -0.01524558                     0.05836073    -0.01189865                         0.06021323
    SCEL7_7_1_1_0_0_0/3           1      0.57142857         0.00079157                      0.08955333    0.00071856                          0.08905193
    SCEL7_7_1_1_0_0_0/4           1      0.71428571         -0.01887973                     0.05624082    -0.02732702                         0.05121335
    SCEL7_7_1_1_0_0_0/5           1      0.57142857         -0.02728608                     0.07168574    -0.02659008                         0.07167370
    SCEL7_7_1_1_0_0_0/6           1      0.42857143         -0.00559505                     0.08776149    -0.00672522                         0.08696400
    SCEL7_7_1_1_0_0_0/7           1      0.57142857         -0.02054069                     0.07597826    -0.02652521                         0.07171498
    SCEL7_7_1_1_0_0_0/8           1      0.57142857         -0.00311618                     0.08706659    -0.00769764                         0.08369617
    SCEL7_7_1_1_0_0_0/9           1      0.42857143         -0.00466263                     0.08841419    -0.00438449                         0.08860251
    SCEL7_7_1_1_0_0_0/10          1      0.42857143         -0.03222530                     0.06912032    -0.03509235                         0.06710701
    SCEL7_7_1_1_0_0_0/11          1      0.28571429         -0.00800192                     0.06252647    -0.00776335                         0.06422571
    SCEL7_7_1_1_0_0_0/12          1      0.42857143         -0.01560519                     0.08075439    -0.01391463                         0.08193141
    SCEL7_7_1_1_0_0_0/13          1      0.28571429         0.00274485                      0.07088507    0.00054988                          0.07069156
    SCEL7_7_1_1_0_0_0/14          1      0.28571429         -0.01890358                     0.05404740    -0.01835198                         0.05599011
    SCEL7_7_1_1_0_0_0/15          1      0.14285714         -0.00445062                     0.03498031    -0.00667578                         0.03766285
    SCEL7_7_1_1_0_0_6/0           1      0.85714286         -0.02922978                     0.02660139    -0.02801331                         0.02793428
    SCEL7_7_1_1_0_0_6/1           1      0.71428571         -0.04890072                     0.03872857    -0.04026793                         0.04366448
    SCEL7_7_1_1_0_0_6/2           1      0.71428571         -0.05419922                     0.03563778    -0.05567838                         0.03467505
    SCEL7_7_1_1_0_0_6/3           1      0.57142857         -0.05432284                     0.05448053    -0.05405127                         0.05419841
    SCEL7_7_1_1_0_0_6/4           1      0.71428571         -0.02426238                     0.05310094    -0.02065580                         0.05510489
    SCEL7_7_1_1_0_0_6/6           1      0.42857143         -0.01311720                     0.08249599    -0.01326852                         0.08238369
    SCEL7_7_1_1_0_0_6/7           1      0.57142857         -0.02626479                     0.07233565    -0.02747792                         0.07110872
    SCEL7_7_1_1_0_0_6/8           1      0.57142857         -0.05602606                     0.05339666    -0.05486056                         0.05368340
    SCEL7_7_1_1_0_0_6/9           1      0.42857143         -0.03388939                     0.06795546    -0.04060665                         0.06324699
    SCEL7_7_1_1_0_0_6/10          1      0.42857143         -0.00793202                     0.08612561    -0.01108613                         0.08391136
    SCEL7_7_1_1_0_0_6/11          1      0.28571429         -0.01069357                     0.06043296    -0.00982251                         0.06262414
    SCEL7_7_1_1_0_0_6/12          1      0.42857143         -0.02130643                     0.07676353    -0.01908877                         0.07830951
    SCEL7_7_1_1_0_0_6/14          1      0.28571429         -0.02326320                     0.05065658    -0.01961231                         0.05500985
    SCEL7_7_1_1_0_0_6/15          1      0.14285714         -0.00565537                     0.03392615    -0.00655186                         0.03777128
    SCEL7_7_1_1_0_2_4/0           1      0.85714286         -0.05470003                     0.01288664    -0.06029831                         0.01055005
    SCEL7_7_1_1_0_2_4/1           1      0.71428571         -0.08960033                     0.01498713    -0.08384496                         0.01824455
    SCEL7_7_1_1_0_2_4/2           1      0.71428571         -0.08519002                     0.01755981    -0.08357742                         0.01840062
    SCEL7_7_1_1_0_2_4/3           1      0.57142857         -0.07743758                     0.03977115    -0.07934075                         0.03810510
    SCEL7_7_1_1_0_2_4/4           1      0.71428571         -0.08566289                     0.01728397    -0.08560754                         0.01721638
    SCEL7_7_1_1_0_2_4/5           1      0.57142857         -0.07770434                     0.03960139    -0.07386276                         0.04159109
    SCEL7_7_1_1_0_2_4/6           1      0.42857143         -0.06470057                     0.04638763    -0.06271293                         0.04777260
    SCEL7_7_1_1_0_2_4/7           1      0.57142857         -0.07449110                     0.04164618    -0.07134844                         0.04319111
    SCEL7_7_1_1_0_2_4/8           1      0.57142857         -0.11422595                     0.01636037    -0.11400819                         0.01604400
    SCEL7_7_1_1_0_2_4/9           1      0.42857143         -0.06337176                     0.04731779    -0.06544364                         0.04586110
    SCEL7_7_1_1_0_2_4/10          1      0.42857143         -0.03073100                     0.07016633    -0.03523358                         0.06700815
    SCEL7_7_1_1_0_2_4/11          1      0.28571429         -0.03717537                     0.03983601    -0.03800478                         0.04070460
    SCEL7_7_1_1_0_2_4/12          1      0.42857143         -0.10602415                     0.01746112    -0.10483848                         0.01828471
    SCEL7_7_1_1_0_2_4/13          1      0.28571429         -0.07597234                     0.00966059    -0.07214051                         0.01415459
    SCEL7_7_1_1_0_2_4/14          1      0.28571429         -0.03085190                     0.04475426    -0.02773843                         0.04868954
    SCEL7_7_1_1_0_2_4/15          1      0.14285714         -0.02770341                     0.01463412    -0.02588926                         0.02085105
    SCEL7_7_1_1_0_3_5/0           1      0.85714286         -0.07477186                     0.00207873    -0.07989125                         0.00000000
    SCEL7_7_1_1_0_3_5/1           1      0.71428571         -0.10604293                     0.00539562    -0.10862881                         0.00378730
    SCEL7_7_1_1_0_3_5/2           1      0.57142857         -0.10062522                     0.02501538    -0.09863101                         0.02582948
    SCEL7_7_1_1_0_3_5/3           1      0.57142857         -0.09637300                     0.02772133    -0.09424390                         0.02862127
    SCEL7_7_1_1_0_3_5/4           1      0.42857143         -0.07000831                     0.04267221    -0.07006693                         0.04262480
    SCEL7_7_1_1_0_3_5/5           1      0.42857143         -0.04534488                     0.05993661    -0.04906782                         0.05732418
    SCEL7_7_1_1_0_3_5/6           1      0.28571429         -0.02123050                     0.05223757    -0.02159985                         0.05346399
    SCEL7_7_1_1_0_3_5/7           1      0.14285714         0.00204934                      0.04066778    0.00316470                          0.04627327
    SCEL7_7_1_1_0_3_6/0           1      0.85714286         -0.06701788                     0.00625395    -0.05941950                         0.01102325
    SCEL7_7_1_1_0_3_6/1           1      0.71428571         -0.04840294                     0.03901895    -0.05169218                         0.03700034
    SCEL7_7_1_1_0_3_6/2           1      0.71428571         -0.07325156                     0.02452391    -0.07388098                         0.02405687
    SCEL7_7_1_1_0_3_6/3           1      0.57142857         -0.03107087                     0.06927724    -0.03165452                         0.06845088
    SCEL7_7_1_1_0_3_6/4           1      0.71428571         -0.11529256                     0.00000000    -0.11512133                         0.00000000
    SCEL7_7_1_1_0_3_6/5           1      0.57142857         -0.08346367                     0.03593637    -0.07929838                         0.03813206
    SCEL7_7_1_1_0_3_6/6           1      0.42857143         -0.03778710                     0.06522706    -0.03275655                         0.06874207
    SCEL7_7_1_1_0_3_6/7           1      0.57142857         -0.08594345                     0.03435833    -0.08826915                         0.03242339
    SCEL7_7_1_1_0_3_6/8           1      0.57142857         -0.09051646                     0.03144822    -0.08353803                         0.03543410
    SCEL7_7_1_1_0_3_6/9           1      0.42857143         -0.04196758                     0.06230073    -0.04652225                         0.05910607
    SCEL7_7_1_1_0_3_6/10          1      0.42857143         -0.06390930                     0.04694152    -0.06449548                         0.04652481
    SCEL7_7_1_1_0_3_6/11          1      0.28571429         -0.01891588                     0.05403783    -0.02269108                         0.05261525
    SCEL7_7_1_1_0_3_6/12          1      0.42857143         -0.05218296                     0.05514995    -0.05750690                         0.05141682
    SCEL7_7_1_1_0_3_6/13          1      0.28571429         -0.01764471                     0.05502652    -0.01548925                         0.05821668
    SCEL7_7_1_1_0_3_6/14          1      0.28571429         -0.03332510                     0.04283066    -0.03411137                         0.04373281
    SCEL7_7_1_1_0_3_6/15          1      0.14285714         -0.01016704                     0.02997844    -0.00725825                         0.03715319
    SCEL7_7_1_1_0_6_4/0           1      0.85714286         -0.03620826                     0.02284375    -0.04930874                         0.01646751
    SCEL7_7_1_1_0_6_4/1           1      0.71428571         -0.05344893                     0.03607545    -0.05526528                         0.03491603
    SCEL7_7_1_1_0_6_4/2           1      0.71428571         -0.09587990                     0.01132405    -0.09173587                         0.01364152
    SCEL7_7_1_1_0_6_4/3           1      0.57142857         -0.05270180                     0.05551210    -0.05211031                         0.05543356
    SCEL7_7_1_1_0_6_4/4           1      0.71428571         -0.04050235                     0.04362762    -0.04259831                         0.04230509
    SCEL7_7_1_1_0_6_4/5           1      0.57142857         -0.06219563                     0.04947057    -0.06060426                         0.05002832
    SCEL7_7_1_1_0_6_4/6           1      0.42857143         -0.02802875                     0.07205791    -0.02749303                         0.07242653
    SCEL7_7_1_1_0_6_4/7           1      0.57142857         -0.01990045                     0.07638569    -0.02327922                         0.07378062
    SCEL7_7_1_1_0_6_4/8           1      0.57142857         -0.06229484                     0.04940744    -0.06156129                         0.04941930
    SCEL7_7_1_1_0_6_4/9           1      0.42857143         -0.02293902                     0.07562071    -0.02638378                         0.07320300
    SCEL7_7_1_1_0_6_4/10          1      0.42857143         -0.03215655                     0.06916844    -0.03194223                         0.06931209
    SCEL7_7_1_1_0_6_4/11          1      0.28571429         -0.00606025                     0.06403665    -0.00554137                         0.06595392
    SCEL7_7_1_1_0_6_4/12          1      0.42857143         -0.02313321                     0.07548478    -0.02936581                         0.07111558
    SCEL7_7_1_1_0_6_4/13          1      0.28571429         0.00348562                      0.07146122    0.00642473                          0.07526088
    SCEL7_7_1_1_0_6_4/14          1      0.28571429         -0.01799160                     0.05475672    -0.01857650                         0.05581548
    SCEL7_7_1_1_0_6_4/15          1      0.14285714         -0.00244211                     0.03673776    0.00402036                          0.04702197
    SCEL7_7_1_1_0_6_5/0           1      0.85714286         -0.04615331                     0.01748872    -0.04561069                         0.01845876
    SCEL7_7_1_1_0_6_5/1           1      0.71428571         -0.04210956                     0.04269008    -0.04431322                         0.04130473
    SCEL7_7_1_1_0_6_5/2           1      0.71428571         -0.09024852                     0.01460902    -0.08643455                         0.01673395
    SCEL7_7_1_1_0_6_5/3           1      0.57142857         -0.06533806                     0.04747084    -0.05757243                         0.05195766
    SCEL7_7_1_1_0_6_5/4           1      0.71428571         -0.05083849                     0.03759821    -0.04245752                         0.04238722
    SCEL7_7_1_1_0_6_5/5           1      0.57142857         -0.04707488                     0.05909287    -0.04370933                         0.06077964
    SCEL7_7_1_1_0_6_5/6           1      0.42857143         -0.03835136                     0.06483208    -0.04154675                         0.06258892
    SCEL7_7_1_1_0_6_5/7           1      0.57142857         -0.02845490                     0.07094195    -0.02772031                         0.07095447
    SCEL7_7_1_1_0_6_5/8           1      0.57142857         -0.08756203                     0.03332832    -0.08739700                         0.03297839
    SCEL7_7_1_1_0_6_5/9           1      0.42857143         -0.04534741                     0.05993484    -0.04513229                         0.06007905
    SCEL7_7_1_1_0_6_5/10          1      0.42857143         -0.01715127                     0.07967214    -0.01878837                         0.07851980
    SCEL7_7_1_1_0_6_5/11          1      0.28571429         -0.03535166                     0.04125445    -0.03282308                         0.04473481
    SCEL7_7_1_1_0_6_5/12          1      0.42857143         -0.06162513                     0.04854044    -0.05820069                         0.05093117
    SCEL7_7_1_1_0_6_5/13          1      0.28571429         -0.03859078                     0.03873513    -0.04150943                         0.03797876
    SCEL7_7_1_1_0_6_5/14          1      0.28571429         -0.02633408                     0.04826812    -0.02489049                         0.05090460
    SCEL7_7_1_1_0_6_5/15          1      0.14285714         -0.02155253                     0.02001615    -0.02492294                         0.02169658
    SCEL8_1_1_8_0_0_0/0           1      0.87500000         -0.01552776                     0.02976413    -0.01060018                         0.03162139
    SCEL8_1_1_8_0_0_0/1           1      0.75000000         -0.00825499                     0.05716648    -0.01099950                         0.05567591
    SCEL8_1_1_8_0_0_0/2           1      0.75000000         -0.02710495                     0.04639508    -0.02331030                         0.04864117
    SCEL8_1_1_8_0_0_0/4           1      0.75000000         -0.01064197                     0.05580249    -0.00981048                         0.05635536
    SCEL8_1_1_8_0_0_0/5           1      0.62500000         -0.01420269                     0.07168705    -0.01971024                         0.06798331
    SCEL8_1_1_8_0_0_0/6           1      0.50000000         -0.01097218                     0.09418946    -0.01460242                         0.09111147
    SCEL8_1_1_8_0_0_0/7           1      0.62500000         -0.01938009                     0.06850096    -0.01494915                         0.07091321
    SCEL8_1_1_8_0_0_0/8           1      0.62500000         -0.04399709                     0.05335203    -0.04057154                         0.05514558
    SCEL8_1_1_8_0_0_0/9           1      0.50000000         -0.01902346                     0.08882194    -0.02079275                         0.08698458
    SCEL8_1_1_8_0_0_0/10          1      0.50000000         -0.01806933                     0.08945803    -0.01967836                         0.08772751
    SCEL8_1_1_8_0_0_0/11          1      0.37500000         -0.02023544                     0.06892171    -0.02271159                         0.06764751
    SCEL8_1_1_8_0_0_0/12          1      0.62500000         -0.00998932                     0.07427989    -0.00613459                         0.07633755
    SCEL8_1_1_8_0_0_0/13          1      0.50000000         0.00343119                      0.10379171    0.00490547                          0.10411672
    SCEL8_1_1_8_0_0_0/14          1      0.50000000         -0.02509730                     0.08477272    -0.01941432                         0.08790354
    SCEL8_1_1_8_0_0_0/15          1      0.37500000         -0.00444913                     0.08040266    -0.00572021                         0.08000487
    SCEL8_1_1_8_0_0_0/16          1      0.37500000         -0.00200090                     0.08218319    -0.00203256                         0.08268681
    SCEL8_1_1_8_0_0_0/17          1      0.25000000         -0.00837985                     0.05549549    -0.00867671                         0.05720600
    SCEL8_1_1_8_0_0_0/18          1      0.50000000         -0.00393199                     0.09888292    -0.00861922                         0.09510027
    SCEL8_1_1_8_0_0_0/19          1      0.37500000         -0.02961791                     0.06209810    -0.02727852                         0.06432611
    SCEL8_1_1_8_0_0_0/20          1      0.37500000         -0.01336826                     0.07391603    -0.01331265                         0.07448310
    SCEL8_1_1_8_0_0_0/21          1      0.25000000         -0.01586351                     0.04950856    -0.01719533                         0.05039110
    SCEL8_1_1_8_0_0_0/22          1      0.25000000         0.00369959                      0.06515904    -0.00065621                         0.06362240
    SCEL8_1_1_8_0_0_0/23          1      0.12500000         -0.00284473                     0.03202655    -0.00697865                         0.03347809
    SCEL8_2_2_2_0_0_0/0           1      0.87500000         -0.04957965                     0.01160313    -0.06002007                         0.00526412
    SCEL8_2_2_2_0_0_0/1           1      0.62500000         -0.09151136                     0.02411249    -0.08915932                         0.02524542
    SCEL8_2_2_2_0_0_0/2           1      0.50000000         -0.02989319                     0.08157546    -0.03336465                         0.07860331
    SCEL8_2_2_2_0_0_0/3           1      0.37500000         -0.02968005                     0.06205291    -0.02617685                         0.06512732
    SCEL8_2_2_2_0_0_0/4           1      0.50000000         -0.05801922                     0.06282477    -0.05779682                         0.06231520
    SCEL8_2_2_2_0_0_0/5           1      0.62500000         -0.04241333                     0.05432665    -0.03997502                         0.05551268
    SCEL8_2_2_2_0_0_0/6           1      0.37500000         -0.04780991                     0.04886755    -0.05437548                         0.04461922
    SCEL8_2_2_2_0_0_0/7           1      0.12500000         -0.01809648                     0.01846944    -0.02383658                         0.01849326
    SCEL8_2_4_1_0_1_1/0           1      0.87500000         -0.05330584                     0.00961582    -0.05024972                         0.01047497
    SCEL8_2_4_1_0_1_1/1           1      0.75000000         -0.05643898                     0.02963277    -0.06088563                         0.02716956
    SCEL8_2_4_1_0_1_1/2           1      0.75000000         -0.10113716                     0.00409095    -0.10249448                         0.00339307
    SCEL8_2_4_1_0_1_1/3           1      0.62500000         -0.06837460                     0.03835049    -0.06827826                         0.03809530
    SCEL8_2_4_1_0_1_1/4           1      0.75000000         -0.05857110                     0.02841442    -0.06251335                         0.02623943
    SCEL8_2_4_1_0_1_1/5           1      0.62500000         -0.08447506                     0.02844252    -0.07792272                         0.03216024
    SCEL8_2_4_1_0_1_1/6           1      0.50000000         -0.04681929                     0.07029139    -0.04778610                         0.06898901
    SCEL8_2_4_1_0_1_1/7           1      0.62500000         -0.02747838                     0.06351740    -0.03558956                         0.05821142
    SCEL8_2_4_1_0_1_1/8           1      0.62500000         -0.07221140                     0.03598938    -0.07970699                         0.03106223
    SCEL8_2_4_1_0_1_1/9           1      0.50000000         -0.04346624                     0.07252676    -0.04791633                         0.06890219
    SCEL8_2_4_1_0_1_1/10          1      0.50000000         -0.04653723                     0.07047943    -0.04515599                         0.07074242
    SCEL8_2_4_1_0_1_1/11          1      0.37500000         -0.01921172                     0.06966624    -0.02106400                         0.06884576
    SCEL8_2_4_1_0_1_1/12          1      0.62500000         -0.07375442                     0.03503983    -0.07666849                         0.03293208
    SCEL8_2_4_1_0_1_1/13          1      0.50000000         -0.04038517                     0.07458080    -0.04532415                         0.07063031
    SCEL8_2_4_1_0_1_1/14          1      0.50000000         -0.05486850                     0.06492525    -0.05438242                         0.06459146
    SCEL8_2_4_1_0_1_1/15          1      0.37500000         -0.02370533                     0.06639816    -0.03301317                         0.06015545
    SCEL8_2_4_1_0_1_1/16          1      0.37500000         -0.01965688                     0.06934248    -0.01884658                         0.07045843
    SCEL8_2_4_1_0_1_1/17          1      0.25000000         -0.01371721                     0.05122561    -0.00588864                         0.05943645
    SCEL8_2_4_1_0_1_1/18          1      0.50000000         -0.05611927                     0.06409140    -0.05860929                         0.06177355
    SCEL8_2_4_1_0_1_1/19          1      0.37500000         -0.03451791                     0.05853446    -0.03077122                         0.06178596
    SCEL8_2_4_1_0_1_1/20          1      0.37500000         -0.02801078                     0.06326692    -0.03372732                         0.05963607
    SCEL8_2_4_1_0_1_1/21          1      0.25000000         -0.01880621                     0.04715440    -0.01744125                         0.05019437
    SCEL8_2_4_1_0_1_1/22          1      0.25000000         -0.01164869                     0.05288042    -0.01178945                         0.05471580
    SCEL8_2_4_1_0_1_1/23          1      0.12500000         -0.00869927                     0.02682252    -0.00333267                         0.03671896
    SCEL8_2_4_1_1_0_1/0           1      0.87500000         -0.06338683                     0.00423929    -0.06608015                         0.00203207
    SCEL8_2_4_1_1_0_1/1           1      0.75000000         -0.10702483                     0.00072657    -0.10284227                         0.00319434
    SCEL8_2_4_1_1_0_1/2           1      0.75000000         -0.08166792                     0.01521623    -0.08033789                         0.01605398
    SCEL8_2_4_1_1_0_1/3           1      0.62500000         -0.09381977                     0.02269193    -0.09077129                         0.02425343
    SCEL8_2_4_1_1_0_1/4           1      0.62500000         -0.11216177                     0.01140454    -0.11118213                         0.01169292
    SCEL8_2_4_1_1_0_1/5           1      0.50000000         -0.09809821                     0.03610544    -0.09710129                         0.03611222
    SCEL8_2_4_1_1_0_1/6           1      0.62500000         -0.08494556                     0.02815297    -0.07934269                         0.03128641
    SCEL8_2_4_1_1_0_1/7           1      0.62500000         -0.04280052                     0.05408839    -0.03817083                         0.05662294
    SCEL8_2_4_1_1_0_1/8           1      0.50000000         -0.04200796                     0.07349894    -0.04965361                         0.06774401
    SCEL8_2_4_1_1_0_1/9           1      0.50000000         -0.08379312                     0.04564217    -0.07822277                         0.04869790
    SCEL8_2_4_1_1_0_1/10          1      0.37500000         -0.04196451                     0.05311875    -0.04854121                         0.04886233
    SCEL8_2_4_1_1_0_1/11          1      0.50000000         -0.04038423                     0.07458143    -0.04043499                         0.07388975
    SCEL8_2_4_1_1_0_1/12          1      0.37500000         -0.02777255                     0.06344018    -0.03116427                         0.06150011
    SCEL8_2_4_1_1_0_1/13          1      0.37500000         -0.01687260                     0.07136741    -0.01414682                         0.07387643
    SCEL8_2_4_1_1_0_1/14          1      0.25000000         0.00156274                      0.06344957    0.00991482                          0.07207922
    SCEL8_2_4_1_1_0_1/15          1      0.37500000         -0.04693550                     0.04950349    -0.04657761                         0.05029040
    SCEL8_2_4_1_1_0_1/16          1      0.25000000         -0.04083923                     0.02952798    -0.04118345                         0.03120061
    SCEL8_2_4_1_1_0_1/17          1      0.12500000         -0.00323808                     0.03167691    0.00165381                          0.04115139
    SCEL8_2_4_1_1_1_0/0           1      0.87500000         -0.03753279                     0.01802812    -0.04651110                         0.01246890
    SCEL8_2_4_1_1_1_0/1           1      0.75000000         -0.07771330                     0.01747602    -0.08087988                         0.01574427
    SCEL8_2_4_1_1_1_0/2           1      0.62500000         -0.08213347                     0.02988349    -0.08120405                         0.03014096
    SCEL8_2_4_1_1_1_0/3           1      0.62500000         -0.01290979                     0.07248268    -0.01499762                         0.07088338
    SCEL8_2_4_1_1_1_0/4           1      0.62500000         -0.02794640                     0.06322938    -0.02819642                         0.06276104
    SCEL8_2_4_1_1_1_0/5           1      0.50000000         -0.02825587                     0.08266700    -0.03875559                         0.07500935
    SCEL8_2_4_1_1_1_0/6           1      0.37500000         -0.01362998                     0.07372568    -0.02267853                         0.06767155
    SCEL8_2_4_1_1_1_0/7           1      0.37500000         -0.04357235                     0.05194941    -0.04607113                         0.05065875
    SCEL8_2_4_1_1_1_0/8           1      0.50000000         -0.04485206                     0.07160288    -0.04073019                         0.07369295
    SCEL8_2_4_1_1_1_0/9           1      0.37500000         -0.03258628                     0.05993928    -0.03648883                         0.05762770
    SCEL8_2_4_1_1_1_0/10          1      0.25000000         -0.01173174                     0.05281398    -0.01080055                         0.05550693
    SCEL8_2_4_1_1_1_0/11          1      0.12500000         -0.01724408                     0.01922713    -0.01478455                         0.02653951
    SCEL8_2_4_1_1_1_0/12          1      0.50000000         -0.06268722                     0.05971277    -0.06370516                         0.05837631
    SCEL8_4_1_2_0_0_0/0           1      0.87500000         -0.05326409                     0.00963809    -0.04926463                         0.01100035
    SCEL8_4_1_2_0_0_0/1           1      0.75000000         -0.06682537                     0.02369769    -0.06321457                         0.02583873
    SCEL8_4_1_2_0_0_0/2           1      0.62500000         -0.08624491                     0.02735338    -0.07999529                         0.03088482
    SCEL8_4_1_2_0_0_0/3           1      0.75000000         -0.05056694                     0.03298823    -0.05702484                         0.02937572
    SCEL8_4_1_2_0_0_0/4           1      0.62500000         -0.07350224                     0.03519502    -0.07917504                         0.03138959
    SCEL8_4_1_2_0_0_0/5           1      0.62500000         -0.07483147                     0.03437703    -0.07272016                         0.03536182
    SCEL8_4_1_2_0_0_0/6           1      0.50000000         -0.05317861                     0.06605184    -0.05300019                         0.06551295
    SCEL8_4_1_2_0_0_0/7           1      0.62500000         -0.06521065                     0.04029753    -0.06119604                         0.04245359
    SCEL8_4_1_2_0_0_0/8           1      0.37500000         -0.02530000                     0.06523840    -0.02870381                         0.06328953
    SCEL8_4_1_2_0_0_0/9           1      0.62500000         -0.02804113                     0.06317109    -0.03499486                         0.05857739
    SCEL8_4_1_2_0_0_0/10          1      0.50000000         -0.04798186                     0.06951634    -0.04782602                         0.06896240
    SCEL8_4_1_2_0_0_0/11          1      0.37500000         -0.03415006                     0.05880199    -0.03056691                         0.06193455
    SCEL8_4_1_2_0_0_0/12          1      0.50000000         -0.05455545                     0.06513395    -0.05118743                         0.06672146
    SCEL8_4_1_2_0_0_0/13          1      0.37500000         -0.03011960                     0.06173323    -0.03600110                         0.05798241
    SCEL8_4_1_2_0_0_0/14          1      0.25000000         -0.00923630                     0.05481033    -0.01155010                         0.05490729
    SCEL8_4_1_2_0_0_0/15          1      0.37500000         -0.02380326                     0.06632693    -0.02545909                         0.06564933
    SCEL8_4_1_2_0_0_0/16          1      0.12500000         -0.00380523                     0.03117278    -0.00358148                         0.03649780
    SCEL8_4_1_2_0_0_0/17          1      0.50000000         -0.04754536                     0.06980734    -0.04476528                         0.07100289
    SCEL8_4_1_2_0_0_0/18          1      0.50000000         -0.04139562                     0.07390717    -0.04424232                         0.07135153
    SCEL8_4_1_2_0_0_0/19          1      0.37500000         -0.02006071                     0.06904879    -0.01870500                         0.07056139
    SCEL8_4_1_2_0_0_0/20          1      0.25000000         -0.01180647                     0.05275420    -0.00634247                         0.05907339
    SCEL8_4_1_2_0_0_1/0           1      0.87500000         -0.05658378                     0.00786759    -0.06776117                         0.00113553
    SCEL8_4_1_2_0_0_1/1           1      0.75000000         -0.10498856                     0.00189016    -0.10661683                         0.00103744
    SCEL8_4_1_2_0_0_1/2           1      0.62500000         -0.08527170                     0.02795227    -0.08109177                         0.03021006
    SCEL8_4_1_2_0_0_1/3           1      0.62500000         -0.03713390                     0.05757554    -0.03823016                         0.05658644
    SCEL8_4_1_2_0_0_1/4           1      0.62500000         -0.10431132                     0.01623558    -0.09716564                         0.02031845
    SCEL8_4_1_2_0_0_1/5           1      0.50000000         -0.05447037                     0.06519067    -0.05600684                         0.06350852
    SCEL8_4_1_2_0_0_1/6           1      0.37500000         -0.01912399                     0.06973004    -0.01939406                         0.07006026
    SCEL8_4_1_2_0_0_1/7           1      0.62500000         -0.11439346                     0.01003119    -0.10467956                         0.01569450
    SCEL8_4_1_2_0_0_1/8           1      0.37500000         -0.05352966                     0.04470773    -0.05153951                         0.04668175
    SCEL8_4_1_2_0_0_1/9           1      0.50000000         -0.05011262                     0.06809583    -0.05073571                         0.06702261
    SCEL8_4_1_2_0_0_1/10          1      0.37500000         -0.02318776                     0.06677457    -0.02490294                         0.06605380
    SCEL8_4_1_2_0_0_1/11          1      0.25000000         -0.01325301                     0.05159696    -0.00925679                         0.05674193
    SCEL8_4_1_2_0_0_1/12          1      0.12500000         -0.01565939                     0.02063575    -0.01192610                         0.02908036
    SCEL8_4_1_2_0_0_1/13          1      0.50000000         -0.06557093                     0.05779030    -0.06662139                         0.05643215
    SCEL8_4_1_2_0_0_1/14          1      0.50000000         -0.10018092                     0.03471697    -0.09880310                         0.03497768
    SCEL8_4_1_2_0_0_1/15          1      0.37500000         -0.06424761                     0.03691286    -0.07849210                         0.02707986
    SCEL8_4_1_2_0_1_0/0           1      0.87500000         -0.04477248                     0.01416695    -0.04635271                         0.01255337
    SCEL8_4_1_2_0_1_0/1           1      0.75000000         -0.04176495                     0.03801793    -0.04359587                         0.03704942
    SCEL8_4_1_2_0_1_0/2           1      0.75000000         -0.04961916                     0.03352982    -0.05346615                         0.03140926
    SCEL8_4_1_2_0_1_0/3           1      0.62500000         -0.01364620                     0.07202950    -0.02294077                         0.06599529
    SCEL8_4_1_2_0_1_0/4           1      0.75000000         -0.07411234                     0.01953371    -0.07730867                         0.01778496
    SCEL8_4_1_2_0_1_0/5           1      0.62500000         -0.04860316                     0.05051753    -0.04794492                         0.05060812
    SCEL8_4_1_2_0_1_0/6           1      0.50000000         -0.01694072                     0.09021044    -0.01295564                         0.09220932
    SCEL8_4_1_2_0_1_0/7           1      0.62500000         -0.08379402                     0.02886162    -0.08301662                         0.02902554
    SCEL8_4_1_2_0_1_0/8           1      0.62500000         -0.07719967                     0.03291968    -0.07626933                         0.03317771
    SCEL8_4_1_2_0_1_0/9           1      0.50000000         -0.04686177                     0.07026307    -0.04608761                         0.07012134
    SCEL8_4_1_2_0_1_0/10          1      0.50000000         -0.05313861                     0.06607851    -0.04988617                         0.06758897
    SCEL8_4_1_2_0_1_0/11          1      0.37500000         -0.02800354                     0.06327219    -0.02611681                         0.06517099
    SCEL8_4_1_2_0_1_0/12          1      0.62500000         -0.08415064                     0.02864216    -0.07280549                         0.03530931
    SCEL8_4_1_2_0_1_0/13          1      0.50000000         -0.04033687                     0.07461300    -0.05036228                         0.06727156
    SCEL8_4_1_2_0_1_0/14          1      0.50000000         -0.05218589                     0.06671366    -0.05520861                         0.06404067
    SCEL8_4_1_2_0_1_0/15          1      0.37500000         -0.02227086                     0.06744141    -0.02136432                         0.06862734
    SCEL8_4_1_2_0_1_0/16          1      0.37500000         -0.02180386                     0.06778104    -0.03137296                         0.06134833
    SCEL8_4_1_2_0_1_0/17          1      0.25000000         -0.01436879                     0.05070434    -0.02174329                         0.04675274
    SCEL8_4_1_2_0_1_0/18          1      0.50000000         -0.04151355                     0.07382855    -0.03961855                         0.07443405
    SCEL8_4_1_2_0_1_0/19          1      0.37500000         -0.03110091                     0.06101955    -0.02780585                         0.06394259
    SCEL8_4_1_2_0_1_0/20          1      0.37500000         -0.01220665                     0.07476083    -0.01551604                         0.07288063
    SCEL8_4_1_2_0_1_0/21          1      0.25000000         -0.00939895                     0.05468021    -0.00456099                         0.06049857
    SCEL8_4_1_2_0_1_0/22          1      0.25000000         0.00308425                      0.06466677    0.00500940                          0.06815489
    SCEL8_4_1_2_0_1_0/23          1      0.12500000         -0.00026614                     0.03431864    -0.00010984                         0.03958370
    SCEL8_4_1_2_0_1_2/0           1      0.87500000         -0.06852068                     0.00150124    -0.06835913                         0.00081661
    SCEL8_4_1_2_0_1_2/1           1      0.75000000         -0.08831579                     0.01141746    -0.08713560                         0.01216957
    SCEL8_4_1_2_0_1_2/2           1      0.75000000         -0.10253332                     0.00329315    -0.10440437                         0.00230170
    SCEL8_4_1_2_0_1_2/3           1      0.62500000         -0.09211766                     0.02373938    -0.09038294                         0.02449242
    SCEL8_4_1_2_0_1_2/4           1      0.75000000         -0.08631660                     0.01255985    -0.08753295                         0.01194252
    SCEL8_4_1_2_0_1_2/5           1      0.62500000         -0.08696874                     0.02690794    -0.08267656                         0.02923480
    SCEL8_4_1_2_0_1_2/6           1      0.50000000         -0.06201191                     0.06016298    -0.05961603                         0.06110239
    SCEL8_4_1_2_0_1_2/7           1      0.62500000         -0.08359522                     0.02898396    -0.08837154                         0.02573020
    SCEL8_4_1_2_0_1_2/8           1      0.62500000         -0.10130430                     0.01808606    -0.10093384                         0.01799955
    SCEL8_4_1_2_0_1_2/9           1      0.50000000         -0.06001771                     0.06149244    -0.05972923                         0.06102693
    SCEL8_4_1_2_0_1_2/10          1      0.50000000         -0.07245922                     0.05319810    -0.07216494                         0.05273645
    SCEL8_4_1_2_0_1_2/11          1      0.37500000         -0.03304008                     0.05960925    -0.02976226                         0.06251975
    SCEL8_4_1_2_0_1_2/12          1      0.62500000         -0.10675559                     0.01473142    -0.10227893                         0.01717181
    SCEL8_4_1_2_0_1_2/13          1      0.50000000         -0.06790495                     0.05623428    -0.07242502                         0.05256306
    SCEL8_4_1_2_0_1_2/14          1      0.50000000         -0.07413722                     0.05207944    -0.07445559                         0.05120935
    SCEL8_4_1_2_0_1_2/15          1      0.37500000         -0.03681878                     0.05686110    -0.03698995                         0.05726325
    SCEL8_4_1_2_0_1_2/16          1      0.37500000         -0.03768309                     0.05623251    -0.04392149                         0.05222213
    SCEL8_4_1_2_0_1_2/17          1      0.25000000         -0.01048845                     0.05380861    -0.00857189                         0.05728985
    SCEL8_4_1_2_0_1_2/18          1      0.50000000         -0.09250397                     0.03983494    -0.08295828                         0.04554089
    SCEL8_4_1_2_0_1_2/19          1      0.37500000         -0.01800907                     0.07054089    -0.01908515                         0.07028492
    SCEL8_4_1_2_0_1_2/20          1      0.37500000         -0.07083539                     0.03212175    -0.07100622                         0.03252414
    SCEL8_4_1_2_0_1_2/21          1      0.25000000         -0.00722323                     0.05642079    -0.00311601                         0.06165456
    SCEL8_4_1_2_0_1_2/22          1      0.25000000         -0.04113040                     0.02929505    -0.03831721                         0.03349360
    SCEL8_4_1_2_0_1_2/23          1      0.12500000         -0.00740560                     0.02797245    -0.00311825                         0.03690956
    SCEL8_4_2_1_0_0_2/0           1      0.87500000         -0.03678100                     0.01842907    -0.04046126                         0.01569548
    SCEL8_4_2_1_0_0_2/1           1      0.75000000         -0.06309529                     0.02582917    -0.05524484                         0.03039287
    SCEL8_4_2_1_0_0_2/2           1      0.62500000         -0.05735655                     0.04513083    -0.06097988                         0.04258661
    SCEL8_4_2_1_0_0_2/3           1      0.62500000         -0.06265069                     0.04187290    -0.05940831                         0.04355373
    SCEL8_4_2_1_0_0_2/4           1      0.62500000         -0.07631607                     0.03346343    -0.07426506                         0.03441111
    SCEL8_4_2_1_0_0_2/5           1      0.50000000         -0.04797130                     0.06952339    -0.04816955                         0.06873338
    SCEL8_4_2_1_0_0_2/6           1      0.37500000         -0.03198439                     0.06037702    -0.03070527                         0.06183392
    SCEL8_4_2_1_0_0_2/7           1      0.62500000         -0.05396037                     0.04722079    -0.04562554                         0.05203543
    SCEL8_4_2_1_0_0_2/8           1      0.37500000         -0.02741873                     0.06369750    -0.03140782                         0.06132297
    SCEL8_4_2_1_0_0_2/9           1      0.50000000         -0.05196274                     0.06686242    -0.05136102                         0.06660573
    SCEL8_4_2_1_0_0_2/10          1      0.37500000         -0.03410705                     0.05883327    -0.03342547                         0.05985560
    SCEL8_4_2_1_0_0_2/11          1      0.25000000         -0.01305839                     0.05175266    -0.01084428                         0.05547194
    SCEL8_4_2_1_0_0_2/12          1      0.12500000         -0.00361386                     0.03134289    -0.00616256                         0.03420350
    SCEL8_4_2_1_0_0_2/13          1      0.50000000         -0.04043564                     0.07454715    -0.04103101                         0.07349241
    SCEL8_4_2_1_0_0_2/14          1      0.50000000         -0.06090445                     0.06090128    -0.06205795                         0.05947445
    SCEL8_4_2_1_0_0_2/15          1      0.37500000         -0.02948772                     0.06219278    -0.03108772                         0.06155578
    SCEL8_4_2_1_1_2_0/0           1      0.87500000         -0.07133551                     0.00000000    -0.06989028                         0.00000000
    SCEL8_4_2_1_1_2_0/1           1      0.75000000         -0.04815660                     0.03436556    -0.05182621                         0.03234637
    SCEL8_4_2_1_1_2_0/2           1      0.62500000         -0.07576478                     0.03380269    -0.07845641                         0.03183182
    SCEL8_4_2_1_1_2_0/3           1      0.75000000         -0.10829633                     0.00000000    -0.10457801                         0.00220248
    SCEL8_4_2_1_1_2_0/4           1      0.62500000         -0.09001154                     0.02503545    -0.09266386                         0.02308878
    SCEL8_4_2_1_1_2_0/5           1      0.62500000         -0.04175448                     0.05473210    -0.03827632                         0.05655803
    SCEL8_4_2_1_1_2_0/6           1      0.50000000         -0.04928290                     0.06864899    -0.05025236                         0.06734484
    SCEL8_4_2_1_1_2_0/7           1      0.62500000         -0.09928524                     0.01932856    -0.09521796                         0.02151702
    SCEL8_4_2_1_1_2_0/8           1      0.37500000         -0.02675647                     0.06417914    -0.02994536                         0.06238659
    SCEL8_4_2_1_1_2_0/9           1      0.50000000         -0.05410341                     0.06543531    -0.05496418                         0.06420363
    SCEL8_4_2_1_1_2_0/10          1      0.37500000         -0.02382511                     0.06631104    -0.02377450                         0.06687448
    SCEL8_4_2_1_1_2_0/11          1      0.50000000         -0.05251337                     0.06649534    -0.05410998                         0.06477309
    SCEL8_4_2_1_1_2_0/12          1      0.37500000         -0.05390668                     0.04443354    -0.05005512                         0.04776131
    SCEL8_4_2_1_1_2_0/13          1      0.25000000         -0.03956613                     0.03054647    -0.03393919                         0.03699601
    SCEL8_4_2_1_1_2_0/14          1      0.37500000         -0.02001352                     0.06908311    -0.01654400                         0.07213303
    SCEL8_4_2_1_1_2_0/15          1      0.12500000         -0.00581313                     0.02938797    -0.00948674                         0.03124868
    SCEL8_4_2_1_1_2_0/16          1      0.50000000         -0.05099976                     0.06750441    -0.04932126                         0.06796557
    SCEL8_4_2_1_1_2_0/17          1      0.25000000         -0.00037664                     0.06189806    0.00376176                          0.06715678
    SCEL8_4_2_1_1_3_1/0           1      0.87500000         -0.05497019                     0.00872817    -0.05347525                         0.00875468
    SCEL8_4_2_1_1_3_1/1           1      0.75000000         -0.09240085                     0.00908313    -0.08831523                         0.01149550
    SCEL8_4_2_1_1_3_1/2           1      0.75000000         -0.04228890                     0.03771853    -0.03589481                         0.04145003
    SCEL8_4_2_1_1_3_1/3           1      0.62500000         -0.08358165                     0.02899231    -0.07869450                         0.03168530
    SCEL8_4_2_1_1_3_1/4           1      0.62500000         -0.05636415                     0.04574154    -0.05261164                         0.04773630
    SCEL8_4_2_1_1_3_1/5           1      0.50000000         -0.05301198                     0.06616293    -0.05238144                         0.06592545
    SCEL8_4_2_1_1_3_1/6           1      0.62500000         -0.08199200                     0.02997055    -0.08098370                         0.03027656
    SCEL8_4_2_1_1_3_1/7           1      0.62500000         -0.02213884                     0.06680327    -0.02107134                         0.06714571
    SCEL8_4_2_1_1_3_1/8           1      0.50000000         -0.03601404                     0.07749489    -0.04007380                         0.07413055
    SCEL8_4_2_1_1_3_1/9           1      0.50000000         -0.03890077                     0.07557041    -0.03555874                         0.07714059
    SCEL8_4_2_1_1_3_1/10          1      0.37500000         -0.02213013                     0.06754376    -0.02414069                         0.06660816
    SCEL8_4_2_1_1_3_1/11          1      0.50000000         -0.07633991                     0.05061097    -0.07328343                         0.05199079
    SCEL8_4_2_1_1_3_1/12          1      0.37500000         -0.03657605                     0.05703763    -0.03578252                         0.05814138
    SCEL8_4_2_1_1_3_1/13          1      0.37500000         -0.01503242                     0.07270573    -0.02233671                         0.06792015
    SCEL8_4_2_1_1_3_1/14          1      0.25000000         -0.01319292                     0.05164503    -0.00753952                         0.05811575
    SCEL8_4_2_1_1_3_1/15          1      0.37500000         -0.04638536                     0.04990359    -0.04181288                         0.05375566
    SCEL8_4_2_1_1_3_1/16          1      0.25000000         -0.04164957                     0.02887971    -0.03450763                         0.03654126
    SCEL8_4_2_1_1_3_1/17          1      0.12500000         -0.01668630                     0.01972294    -0.01117380                         0.02974907
    SCEL8_4_2_1_1_3_2/0           1      0.87500000         -0.03075906                     0.02164077    -0.02525902                         0.02380334
    SCEL8_4_2_1_1_3_2/1           1      0.75000000         -0.05631716                     0.02970238    -0.05424782                         0.03096259
    SCEL8_4_2_1_1_3_2/2           1      0.62500000         -0.04944452                     0.04999977    -0.05095846                         0.04875363
    SCEL8_4_2_1_1_3_2/3           1      0.62500000         -0.01878846                     0.06886504    -0.01856360                         0.06868893
    SCEL8_4_2_1_1_3_2/4           1      0.62500000         -0.01830864                     0.06916031    -0.01558269                         0.07052334
    SCEL8_4_2_1_1_3_2/5           1      0.50000000         -0.05183783                     0.06694569    -0.04975335                         0.06767751
    SCEL8_4_2_1_1_3_2/6           1      0.37500000         -0.03860423                     0.05556259    -0.03004624                         0.06231322
    SCEL8_4_2_1_1_3_2/7           1      0.62500000         -0.08672499                     0.02705794    -0.09009049                         0.02467238
    SCEL8_4_2_1_1_3_2/8           1      0.37500000         -0.05539967                     0.04334773    -0.05338411                         0.04534022
    SCEL8_4_2_1_1_3_2/9           1      0.50000000         -0.01374220                     0.09234279    -0.01347729                         0.09186155
    SCEL8_4_2_1_1_3_2/10          1      0.37500000         -0.04564070                     0.05044516    -0.04575162                         0.05089112
    SCEL8_4_2_1_1_3_2/11          1      0.25000000         -0.05223382                     0.02041231    -0.05354504                         0.02131133
    SCEL8_4_2_1_1_3_2/12          1      0.12500000         -0.03648095                     0.00212769    -0.04103251                         0.00320799
    SCEL8_4_2_1_1_3_2/13          1      0.50000000         -0.07838439                     0.04924799    -0.07616918                         0.05006696
    SCEL8_4_2_1_1_3_2/14          1      0.50000000         -0.05343893                     0.06587829    -0.05160737                         0.06644150
    SCEL8_4_2_1_1_3_2/15          1      0.37500000         -0.09026231                     0.01799308    -0.08895174                         0.01947285
    SCEL8_8_1_1_0_0_3/0           1      0.87500000         -0.03594683                     0.01887396    -0.03836435                         0.01681383
    SCEL8_8_1_1_0_0_3/1           1      0.75000000         -0.05637874                     0.02966720    -0.05075173                         0.03296036
    SCEL8_8_1_1_0_0_3/2           1      0.75000000         -0.08941188                     0.01079112    -0.08167155                         0.01529189
    SCEL8_8_1_1_0_0_3/3           1      0.62500000         -0.05623644                     0.04582013    -0.05690804                         0.04509235
    SCEL8_8_1_1_0_0_3/4           1      0.62500000         -0.08097665                     0.03059538    -0.07470638                         0.03413953
    SCEL8_8_1_1_0_0_3/5           1      0.50000000         -0.05338680                     0.06591305    -0.05353718                         0.06515496
    SCEL8_8_1_1_0_0_3/6           1      0.62500000         -0.05339640                     0.04756785    -0.04322933                         0.05351002
    SCEL8_8_1_1_0_0_3/7           1      0.62500000         -0.06316181                     0.04155836    -0.06238547                         0.04172163
    SCEL8_8_1_1_0_0_3/8           1      0.50000000         -0.04734494                     0.06994095    -0.04845120                         0.06854561
    SCEL8_8_1_1_0_0_3/9           1      0.50000000         -0.06117804                     0.06071889    -0.06261369                         0.05910395
    SCEL8_8_1_1_0_0_3/10          1      0.37500000         -0.03587831                     0.05754508    -0.03661396                         0.05753669
    SCEL8_8_1_1_0_0_3/11          1      0.50000000         -0.04008690                     0.07477965    -0.04103856                         0.07348737
    SCEL8_8_1_1_0_0_3/12          1      0.37500000         -0.02552330                     0.06507600    -0.03283718                         0.06028345
    SCEL8_8_1_1_0_0_3/13          1      0.37500000         -0.03286825                     0.05973422    -0.03376557                         0.05960825
    SCEL8_8_1_1_0_0_3/14          1      0.25000000         -0.01379804                     0.05116094    -0.01590068                         0.05142682
    SCEL8_8_1_1_0_0_3/15          1      0.37500000         -0.02627725                     0.06452767    -0.02871232                         0.06328334
    SCEL8_8_1_1_0_0_3/16          1      0.25000000         -0.02105582                     0.04535472    -0.02261111                         0.04605848
    SCEL8_8_1_1_0_0_3/17          1      0.12500000         -0.00438037                     0.03066154    -0.00854111                         0.03208924
    SCEL8_8_1_1_0_0_5/0           1      0.87500000         -0.03043683                     0.02181263    -0.04038000                         0.01573882
    SCEL8_8_1_1_0_0_5/1           1      0.75000000         -0.05410015                     0.03096925    -0.04918523                         0.03385550
    SCEL8_8_1_1_0_0_5/2           1      0.75000000         -0.05977497                     0.02772649    -0.06294991                         0.02598997
    SCEL8_8_1_1_0_0_5/3           1      0.62500000         -0.02853539                     0.06286693    -0.02865221                         0.06248056
    SCEL8_8_1_1_0_0_5/4           1      0.62500000         -0.07990173                     0.03125687    -0.06688350                         0.03895361
    SCEL8_8_1_1_0_0_5/5           1      0.50000000         -0.03122195                     0.08068961    -0.03086943                         0.08026680
    SCEL8_8_1_1_0_0_5/6           1      0.62500000         -0.05341137                     0.04755863    -0.05534861                         0.04605201
    SCEL8_8_1_1_0_0_5/7           1      0.62500000         -0.06791165                     0.03863538    -0.05795445                         0.04444841
    SCEL8_8_1_1_0_0_5/8           1      0.50000000         -0.04129185                     0.07397635    -0.03558764                         0.07712132
    SCEL8_8_1_1_0_0_5/9           1      0.50000000         -0.05810174                     0.06276975    -0.06374981                         0.05834654
    SCEL8_8_1_1_0_0_5/10          1      0.37500000         -0.02218325                     0.06750512    -0.01962342                         0.06989345
    SCEL8_8_1_1_0_0_5/11          1      0.50000000         -0.01395508                     0.09220086    -0.01249338                         0.09251749
    SCEL8_8_1_1_0_0_5/12          1      0.37500000         -0.00839057                     0.07753616    -0.00659828                         0.07936628
    SCEL8_8_1_1_0_0_5/13          1      0.37500000         -0.02769005                     0.06350018    -0.02840507                         0.06350679
    SCEL8_8_1_1_0_0_5/14          1      0.25000000         -0.00136235                     0.06110949    -0.00114744                         0.06322942
    SCEL8_8_1_1_0_0_5/15          1      0.37500000         -0.01782726                     0.07067312    -0.01632352                         0.07229338
    SCEL8_8_1_1_0_0_5/16          1      0.25000000         -0.00496742                     0.05822543    -0.00022473                         0.06396758
    SCEL8_8_1_1_0_0_5/17          1      0.12500000         -0.00001722                     0.03453990    0.00088699                          0.04046977
    SCEL8_8_1_1_0_0_6/0           1      0.87500000         -0.05881718                     0.00667644    -0.05168885                         0.00970743
    SCEL8_8_1_1_0_0_6/1           1      0.75000000         -0.05317446                     0.03149821    -0.04869671                         0.03413465
    SCEL8_8_1_1_0_0_6/2           1      0.75000000         -0.05634875                     0.02968433    -0.06737935                         0.02345886
    SCEL8_8_1_1_0_0_6/3           1      0.62500000         -0.03005400                     0.06193240    -0.03723992                         0.05719582
    SCEL8_8_1_1_0_0_6/4           1      0.75000000         -0.08397616                     0.01389724    -0.09231801                         0.00920820
    SCEL8_8_1_1_0_0_6/5           1      0.62500000         -0.05944894                     0.04384321    -0.06318140                         0.04123183
    SCEL8_8_1_1_0_0_6/6           1      0.50000000         -0.02658248                     0.08378260    -0.02727303                         0.08266439
    SCEL8_8_1_1_0_0_6/7           1      0.62500000         -0.08737419                     0.02665844    -0.08723384                         0.02643032
    SCEL8_8_1_1_0_0_6/8           1      0.62500000         -0.08593544                     0.02754382    -0.08170300                         0.02983392
    SCEL8_8_1_1_0_0_6/9           1      0.50000000         -0.05483212                     0.06494950    -0.05310298                         0.06544443
    SCEL8_8_1_1_0_0_6/10          1      0.50000000         -0.06603073                     0.05748376    -0.06244442                         0.05921680
    SCEL8_8_1_1_0_0_6/11          1      0.37500000         -0.02618075                     0.06459785    -0.02911006                         0.06299407
    SCEL8_8_1_1_0_0_6/12          1      0.62500000         -0.10591483                     0.01524881    -0.10269197                         0.01691763
    SCEL8_8_1_1_0_0_6/13          1      0.50000000         -0.06083748                     0.06094593    -0.06325433                         0.05867686
    SCEL8_8_1_1_0_0_6/14          1      0.50000000         -0.07104643                     0.05413997    -0.06780957                         0.05564003
    SCEL8_8_1_1_0_0_6/15          1      0.37500000         -0.03951722                     0.05489860    -0.03722609                         0.05709151
    SCEL8_8_1_1_0_0_6/16          1      0.37500000         -0.03308824                     0.05957422    -0.03673748                         0.05744686
    SCEL8_8_1_1_0_0_6/17          1      0.25000000         -0.01738335                     0.04829269    -0.01685242                         0.05066543
    SCEL8_8_1_1_0_0_6/18          1      0.50000000         -0.08489014                     0.04491082    -0.08121388                         0.04670383
    SCEL8_8_1_1_0_0_6/19          1      0.37500000         -0.02976081                     0.06199417    -0.03140332                         0.06132625
    SCEL8_8_1_1_0_0_6/20          1      0.37500000         -0.05676760                     0.04235287    -0.05729139                         0.04249856
    SCEL8_8_1_1_0_0_6/21          1      0.25000000         -0.02138806                     0.04508893    -0.01709639                         0.05047025
    SCEL8_8_1_1_0_0_6/22          1      0.25000000         -0.02325932                     0.04359191    -0.02320300                         0.04558497
    SCEL8_8_1_1_0_0_6/23          1      0.12500000         -0.00679732                     0.02851314    -0.00590437                         0.03443301
    SCEL8_8_1_1_0_0_7/0           1      0.87500000         -0.03306582                     0.02041050    -0.02391080                         0.02452239
    SCEL8_8_1_1_0_0_7/1           1      0.75000000         -0.01602345                     0.05272736    -0.01749906                         0.05196188
    SCEL8_8_1_1_0_0_7/2           1      0.75000000         -0.03815319                     0.04008179    -0.03532573                         0.04177522
    SCEL8_8_1_1_0_0_7/3           1      0.62500000         -0.02228039                     0.06671616    -0.02418661                         0.06522862
    SCEL8_8_1_1_0_0_7/4           1      0.75000000         -0.06740759                     0.02336500    -0.05595332                         0.02998802
    SCEL8_8_1_1_0_0_7/5           1      0.62500000         -0.02262699                     0.06650287    -0.02594398                         0.06414716
    SCEL8_8_1_1_0_0_7/6           1      0.50000000         -0.01957906                     0.08845154    -0.01839756                         0.08858137
    SCEL8_8_1_1_0_0_7/7           1      0.62500000         -0.03118646                     0.06123550    -0.03755044                         0.05700473
    SCEL8_8_1_1_0_0_7/8           1      0.62500000         -0.02486200                     0.06512747    -0.03548131                         0.05827803
    SCEL8_8_1_1_0_0_7/9           1      0.50000000         -0.01884416                     0.08894147    -0.02648860                         0.08318735
    SCEL8_8_1_1_0_0_7/10          1      0.50000000         -0.00810879                     0.09609839    -0.00968750                         0.09438808
    SCEL8_8_1_1_0_0_7/11          1      0.37500000         -0.00505550                     0.07996167    -0.01158199                         0.07574177
    SCEL8_8_1_1_0_0_7/12          1      0.62500000         -0.06840962                     0.03832894    -0.07069323                         0.03660916
    SCEL8_8_1_1_0_0_7/13          1      0.50000000         -0.04801412                     0.06949483    -0.05267938                         0.06572683
    SCEL8_8_1_1_0_0_7/14          1      0.50000000         -0.03515347                     0.07806860    -0.03454095                         0.07781911
    SCEL8_8_1_1_0_0_7/15          1      0.37500000         -0.03050070                     0.06145607    -0.02914094                         0.06297162
    SCEL8_8_1_1_0_0_7/16          1      0.37500000         -0.02548332                     0.06510507    -0.02378990                         0.06686328
    SCEL8_8_1_1_0_0_7/17          1      0.25000000         -0.02154677                     0.04496195    -0.01832420                         0.04948801
    SCEL8_8_1_1_0_0_7/18          1      0.50000000         -0.02950600                     0.08183359    -0.03771388                         0.07570382
    SCEL8_8_1_1_0_0_7/19          1      0.37500000         -0.02336396                     0.06664642    -0.02318438                         0.06730366
    SCEL8_8_1_1_0_0_7/20          1      0.37500000         -0.00542147                     0.07969551    -0.00370801                         0.08146829
    SCEL8_8_1_1_0_0_7/21          1      0.25000000         -0.01132908                     0.05313611    -0.01042417                         0.05580803
    SCEL8_8_1_1_0_0_7/22          1      0.25000000         -0.00492644                     0.05825822    -0.00239786                         0.06222908
    SCEL8_8_1_1_0_0_7/23          1      0.12500000         -0.00360114                     0.03135419    -0.00687023                         0.03357447
    SCEL8_8_1_1_0_1_0/0           1      0.87500000         -0.03853707                     0.01749250    -0.03930852                         0.01631028
    SCEL8_8_1_1_0_1_0/1           1      0.75000000         -0.03787641                     0.04023995    -0.03671807                         0.04097959
    SCEL8_8_1_1_0_1_0/2           1      0.75000000         -0.04002867                     0.03901009    -0.04394831                         0.03684802
    SCEL8_8_1_1_0_1_0/3           1      0.62500000         -0.02963931                     0.06218759    -0.02885210                         0.06235755
    SCEL8_8_1_1_0_1_0/4           1      0.75000000         -0.08252580                     0.01472602    -0.07687388                         0.01803341
    SCEL8_8_1_1_0_1_0/5           1      0.62500000         -0.04428546                     0.05317457    -0.04612960                         0.05172524
    SCEL8_8_1_1_0_1_0/6           1      0.50000000         -0.03181341                     0.08029531    -0.02930344                         0.08131079
    SCEL8_8_1_1_0_1_0/7           1      0.62500000         -0.06610179                     0.03974914    -0.06439854                         0.04048281
    SCEL8_8_1_1_0_1_0/8           1      0.62500000         -0.05140241                     0.04879491    -0.04486951                         0.05250068
    SCEL8_8_1_1_0_1_0/9           1      0.50000000         -0.03248699                     0.07984625    -0.02964396                         0.08108377
    SCEL8_8_1_1_0_1_0/10          1      0.50000000         -0.04008856                     0.07477854    -0.04172907                         0.07302703
    SCEL8_8_1_1_0_1_0/11          1      0.37500000         -0.01134540                     0.07538719    -0.01384569                         0.07409544
    SCEL8_8_1_1_0_1_0/12          1      0.62500000         -0.08297805                     0.02936375    -0.08437159                         0.02819171
    SCEL8_8_1_1_0_1_0/13          1      0.50000000         -0.05917327                     0.06205541    -0.06508191                         0.05745847
    SCEL8_8_1_1_0_1_0/14          1      0.50000000         -0.05978997                     0.06164427    -0.05560014                         0.06377966
    SCEL8_8_1_1_0_1_0/15          1      0.37500000         -0.05088455                     0.04663145    -0.04805242                         0.04921781
    SCEL8_8_1_1_0_1_0/16          1      0.37500000         -0.03923830                     0.05510145    -0.03948420                         0.05544925
    SCEL8_8_1_1_0_1_0/17          1      0.25000000         -0.02460954                     0.04251174    -0.02203648                         0.04651818
    SCEL8_8_1_1_0_1_0/18          1      0.50000000         -0.06307382                     0.05945504    -0.06780682                         0.05564187
    SCEL8_8_1_1_0_1_0/19          1      0.37500000         -0.02525640                     0.06527010    -0.02408361                         0.06664968
    SCEL8_8_1_1_0_1_0/20          1      0.37500000         -0.05452291                     0.04398537    -0.05651795                         0.04306107
    SCEL8_8_1_1_0_1_0/21          1      0.25000000         -0.02460277                     0.04251715    -0.02697156                         0.04257012
    SCEL8_8_1_1_0_1_0/22          1      0.25000000         -0.04735176                     0.02431796    -0.04934506                         0.02467131
    SCEL8_8_1_1_0_1_0/23          1      0.12500000         -0.01806878                     0.01849407    -0.02294492                         0.01928585
    SCEL8_8_1_1_0_4_3/0           1      0.87500000         -0.02732269                     0.02347350    -0.02176785                         0.02566530
    SCEL8_8_1_1_0_4_3/1           1      0.75000000         -0.04970039                     0.03348340    -0.04875666                         0.03410039
    SCEL8_8_1_1_0_4_3/2           1      0.75000000         -0.00765481                     0.05750944    -0.00661591                         0.05818082
    SCEL8_8_1_1_0_4_3/3           1      0.62500000         -0.04807710                     0.05084126    -0.04731756                         0.05099419
    SCEL8_8_1_1_0_4_3/4           1      0.62500000         -0.03553172                     0.05856149    -0.04310656                         0.05358557
    SCEL8_8_1_1_0_4_3/5           1      0.50000000         -0.06300308                     0.05950220    -0.06286206                         0.05893837
    SCEL8_8_1_1_0_4_3/6           1      0.62500000         -0.04341632                     0.05370943    -0.04895849                         0.04998439
    SCEL8_8_1_1_0_4_3/7           1      0.62500000         -0.01365317                     0.07202521    -0.01493902                         0.07091944
    SCEL8_8_1_1_0_4_3/8           1      0.50000000         -0.04647536                     0.07052068    -0.04562000                         0.07043308
    SCEL8_8_1_1_0_4_3/9           1      0.50000000         -0.03033165                     0.08128315    -0.03167154                         0.07973205
    SCEL8_8_1_1_0_4_3/10          1      0.37500000         -0.05176956                     0.04598781    -0.05566331                         0.04368262
    SCEL8_8_1_1_0_4_3/11          1      0.50000000         -0.04494072                     0.07154377    -0.04970822                         0.06770760
    SCEL8_8_1_1_0_4_3/12          1      0.37500000         -0.06919739                     0.03331302    -0.06948899                         0.03362758
    SCEL8_8_1_1_0_4_3/13          1      0.37500000         -0.03651522                     0.05708187    -0.02791286                         0.06386476
    SCEL8_8_1_1_0_4_3/14          1      0.25000000         -0.04997847                     0.02221659    -0.05076949                         0.02353178
    SCEL8_8_1_1_0_4_3/15          1      0.37500000         -0.05441505                     0.04406381    -0.05287533                         0.04571024
    SCEL8_8_1_1_0_4_3/16          1      0.25000000         -0.06719520                     0.00844321    -0.06761067                         0.01005883
    SCEL8_8_1_1_0_4_3/17          1      0.12500000         -0.03318836                     0.00505444    -0.04039034                         0.00377881
    SCEL8_8_1_1_0_5_2/0           1      0.87500000         -0.04971455                     0.01153118    -0.05413473                         0.00840296
    SCEL8_8_1_1_0_5_2/1           1      0.75000000         -0.07462497                     0.01924078    -0.07929917                         0.01664753
    SCEL8_8_1_1_0_5_2/2           1      0.75000000         -0.08000258                     0.01616786    -0.07205215                         0.02078869
    SCEL8_8_1_1_0_5_2/3           1      0.62500000         -0.05675456                     0.04550128    -0.05344650                         0.04722253
    SCEL8_8_1_1_0_5_2/4           1      0.75000000         -0.10377156                     0.00258558    -0.10539488                         0.00173570
    SCEL8_8_1_1_0_5_2/5           1      0.62500000         -0.09814148                     0.02003241    -0.09464490                         0.02186967
    SCEL8_8_1_1_0_5_2/6           1      0.50000000         -0.04461945                     0.07175795    -0.04511974                         0.07076658
    SCEL8_8_1_1_0_5_2/8           1      0.62500000         -0.03346549                     0.05983302    -0.04383025                         0.05314023
    SCEL8_8_1_1_0_5_2/9           1      0.50000000         -0.04876361                     0.06899518    -0.05123483                         0.06668986
    SCEL8_8_1_1_0_5_2/10          1      0.50000000         -0.10388932                     0.03224470    -0.10333481                         0.03195654
    SCEL8_8_1_1_0_5_2/11          1      0.37500000         -0.03415869                     0.05879571    -0.03548296                         0.05835924
    SCEL8_8_1_1_0_5_2/12          1      0.62500000         -0.12355070                     0.00439597    -0.11758776                         0.00775099
    SCEL8_8_1_1_0_5_2/13          1      0.50000000         -0.07971580                     0.04836038    -0.08316080                         0.04540588
    SCEL8_8_1_1_0_5_2/14          1      0.50000000         -0.07986446                     0.04826127    -0.07981648                         0.04763542
    SCEL8_8_1_1_0_5_2/15          1      0.37500000         -0.04595291                     0.05021810    -0.04570717                         0.05092345
    SCEL8_8_1_1_0_5_2/16          1      0.37500000         -0.09051272                     0.01781096    -0.09361892                         0.01607854
    SCEL8_8_1_1_0_5_2/17          1      0.25000000         -0.03964940                     0.03047985    -0.03987408                         0.03224810
    SCEL8_8_1_1_0_5_2/18          1      0.50000000         -0.10360926                     0.03243141    -0.10792473                         0.02889660
    SCEL8_8_1_1_0_5_2/19          1      0.37500000         -0.05466114                     0.04388484    -0.04725849                         0.04979522
    SCEL8_8_1_1_0_5_2/20          1      0.37500000         -0.07666339                     0.02788320    -0.07802386                         0.02742040
    SCEL8_8_1_1_0_5_2/21          1      0.25000000         -0.03576738                     0.03358547    -0.03243729                         0.03819753
    SCEL8_8_1_1_0_5_2/22          1      0.25000000         -0.05081061                     0.02155089    -0.04436943                         0.02865182
    SCEL8_8_1_1_0_5_2/23          1      0.12500000         -0.02659975                     0.01091098    -0.02642914                         0.01618877
