#                  name    selected         comp(a)    formation_energy    hull_dist(MASTER,atom_frac)        clex()    clex_hull_dist(MASTER,atom_frac)
    SCEL1_1_1_1_0_0_0/0           1      1.00000000         -0.00000000                     0.00000000    0.00008614                          0.00000000
    SCEL1_1_1_1_0_0_0/1           1      0.00000000         0.00000000                      0.00000000    -0.00093829                         0.00000000
    SCEL2_2_1_1_0_0_1/0           1      0.50000000         -0.03362458                     0.07908787    -0.03928764                         0.07524322
    SCEL2_2_1_1_0_1_1/0           1      0.50000000         -0.05306719                     0.06612613    -0.04207190                         0.07338705
    SCEL3_3_1_1_0_0_2/0           1      0.66666667         -0.07657772                     0.02815741    -0.07950881                         0.02632982
    SCEL3_3_1_1_0_0_2/1           1      0.33333333         -0.00247946                     0.07507910    -0.00411750                         0.07359294
    SCEL3_3_1_1_0_2_1/0           1      0.66666667         -0.11653362                     0.00418387    -0.11564920                         0.00464559
    SCEL3_3_1_1_0_2_1/1           1      0.33333333         -0.07168021                     0.02317854    -0.07163612                         0.02295397
    SCEL3_3_1_1_0_2_2/0           1      0.66666667         0.00297396                      0.07588842    -0.00592340                         0.07048107
    SCEL3_3_1_1_0_2_2/1           1      0.33333333         -0.01113396                     0.06858823    -0.00966778                         0.06943023
    SCEL4_2_2_1_0_1_0/0           1      0.75000000         -0.09173820                     0.00946179    -0.09033910                         0.01026862
    SCEL4_2_2_1_0_1_0/1           1      0.25000000         -0.02685051                     0.04071896    -0.02946889                         0.03825360
    SCEL4_2_2_1_1_1_0/0           1      0.75000000         0.03072950                      0.07944333    0.04260253                          0.08623526
    SCEL4_2_2_1_1_1_0/1           1      0.25000000         -0.06100486                     0.01339548    -0.06071429                         0.01325727
    SCEL4_4_1_1_0_0_0/0           1      0.75000000         -0.04503584                     0.03614885    -0.03890192                         0.03966129
    SCEL4_4_1_1_0_0_0/1           1      0.50000000         0.00084257                      0.10206597    -0.00470087                         0.09830107
    SCEL4_4_1_1_0_0_0/2           1      0.25000000         -0.00705429                     0.05655594    -0.00673466                         0.05644098
    SCEL4_4_1_1_0_0_2/0           1      0.75000000         -0.10660828                     0.00096460    -0.10830918                         0.00000000
    SCEL4_4_1_1_0_0_2/1           1      0.50000000         -0.06309656                     0.05943987    -0.08044343                         0.04780602
    SCEL4_4_1_1_0_0_2/2           1      0.25000000         -0.01161094                     0.05291062    -0.02503345                         0.04180195
    SCEL4_4_1_1_0_0_3/0           1      0.75000000         -0.02977428                     0.04486974    -0.06196629                         0.02648165
    SCEL4_4_1_1_0_0_3/1           1      0.50000000         -0.03937695                     0.07525295    -0.04350322                         0.07243283
    SCEL4_4_1_1_0_0_3/2           1      0.25000000         -0.01638868                     0.04908843    -0.01463879                         0.05011768
    SCEL4_4_1_1_0_1_0/0           1      0.75000000         -0.06269318                     0.02605895    -0.06180642                         0.02657301
    SCEL4_4_1_1_0_1_0/1           1      0.50000000         -0.04704055                     0.07014388    -0.05335246                         0.06586667
    SCEL4_4_1_1_0_1_0/2           1      0.25000000         -0.01975622                     0.04639440    -0.03282940                         0.03556519
    SCEL4_4_1_1_0_2_1/0           1      0.75000000         -0.05610181                     0.02982544    -0.05612759                         0.02981805
    SCEL4_4_1_1_0_2_1/1           1      0.50000000         -0.15225637                     0.00000000    -0.15215247                         0.00000000
    SCEL4_4_1_1_0_2_1/2           1      0.25000000         -0.07774921                     0.00000000    -0.07728589                         0.00000000
    SCEL5_1_1_5_0_0_0/0           1      0.80000000         -0.01392118                     0.04578569    -0.02413475                         0.04020424
    SCEL5_1_1_5_0_0_0/1           1      0.60000000         -0.01006549                     0.07808819    -0.01346925                         0.07589178
    SCEL5_1_1_5_0_0_0/2           1      0.60000000         -0.02458047                     0.06901632    -0.02865651                         0.06639974
    SCEL5_1_1_5_0_0_0/3           1      0.40000000         -0.02586996                     0.06898825    -0.03034783                         0.06561286
    SCEL5_1_1_5_0_0_0/4           1      0.40000000         0.00552708                      0.09141470    0.00263242                          0.08917019
    SCEL5_1_1_5_0_0_0/5           1      0.20000000         -0.00723104                     0.04580694    -0.00992928                         0.04340591
    SCEL5_5_1_1_0_0_3/0           1      0.80000000         -0.06582601                     0.01694968    -0.07035305                         0.01452741
    SCEL5_5_1_1_0_0_3/1           1      0.60000000         -0.10341008                     0.01974782    -0.10000645                         0.02180603
    SCEL5_5_1_1_0_0_3/2           1      0.60000000         -0.06946094                     0.04096603    -0.06866582                         0.04139392
    SCEL5_5_1_1_0_0_3/3           1      0.40000000         -0.04905737                     0.05242581    -0.06037985                         0.04416142
    SCEL5_5_1_1_0_0_3/4           1      0.40000000         -0.01835377                     0.07435695    -0.04521606                         0.05499270
    SCEL5_5_1_1_0_0_3/5           1      0.20000000         -0.00070143                     0.05124828    -0.00748156                         0.04544567
    SCEL5_5_1_1_0_0_4/0           1      0.80000000         -0.05730478                     0.02168370    -0.05055772                         0.02552482
    SCEL5_5_1_1_0_0_4/1           1      0.60000000         -0.06313958                     0.04491688    -0.05985313                         0.04690186
    SCEL5_5_1_1_0_0_4/2           1      0.60000000         -0.00780675                     0.07949990    -0.03736939                         0.06095419
    SCEL5_5_1_1_0_0_4/3           1      0.40000000         -0.00653565                     0.08279847    -0.01895214                         0.07375264
    SCEL5_5_1_1_0_0_4/4           1      0.40000000         -0.03432986                     0.06294547    -0.03453449                         0.06262239
    SCEL5_5_1_1_0_0_4/5           1      0.20000000         -0.00608567                     0.04676142    -0.00702672                         0.04582471
    SCEL5_5_1_1_0_1_3/0           1      0.80000000         -0.08686661                     0.00526046    -0.08722764                         0.00515264
    SCEL5_5_1_1_0_1_3/1           1      0.60000000         -0.12077771                     0.00889305    -0.11944010                         0.00966000
    SCEL5_5_1_1_0_1_3/2           1      0.40000000         -0.08110683                     0.02953334    -0.09264845                         0.02111242
    SCEL5_5_1_1_0_1_3/3           1      0.20000000         -0.03249201                     0.02475613    -0.03384922                         0.02347262
    SCEL5_5_1_1_0_4_3/0           1      0.80000000         -0.05605169                     0.02237986    -0.05589445                         0.02255996
    SCEL5_5_1_1_0_4_3/1           1      0.60000000         -0.06562321                     0.04336461    -0.07959033                         0.03456610
    SCEL5_5_1_1_0_4_3/2           1      0.60000000         -0.02911021                     0.06618524    -0.04156159                         0.05833407
    SCEL5_5_1_1_0_4_3/3           1      0.40000000         -0.04373994                     0.05622398    -0.04469448                         0.05536525
    SCEL5_5_1_1_0_4_3/4           1      0.40000000         -0.02287384                     0.07112834    -0.05899302                         0.04515201
    SCEL5_5_1_1_0_4_3/5           1      0.20000000         -0.04059812                     0.01800104    -0.03863492                         0.01948454
    SCEL6_2_3_1_0_1_0/0           1      0.83333333         -0.05572074                     0.01780405    -0.05596955                         0.01781544
    SCEL6_2_3_1_0_1_0/1           1      0.66666667         -0.08997613                     0.02011836    -0.08628409                         0.02226466
    SCEL6_2_3_1_0_1_0/2           1      0.66666667         -0.07440507                     0.02946100    -0.07649083                         0.02814061
    SCEL6_2_3_1_0_1_0/3           1      0.50000000         -0.05785490                     0.06293431    -0.06505292                         0.05806637
    SCEL6_2_3_1_0_1_0/4           1      0.50000000         -0.03580498                     0.07763426    -0.04163427                         0.07367880
    SCEL6_2_3_1_0_1_0/5           1      0.33333333         -0.01423816                     0.06626008    -0.02873421                         0.05513041
    SCEL6_2_3_1_0_1_0/6           1      0.33333333         -0.01564454                     0.06520529    -0.01616305                         0.06455877
    SCEL6_2_3_1_0_1_0/7           1      0.16666667         -0.00566128                     0.03957559    0.00177708                          0.04595466
    SCEL6_3_1_2_0_0_0/0           1      0.83333333         -0.06066747                     0.01510583    -0.06205570                         0.01449573
    SCEL6_3_1_2_0_0_0/1           1      0.66666667         -0.07961534                     0.02633484    -0.07786778                         0.02731444
    SCEL6_3_1_2_0_0_0/2           1      0.66666667         -0.09001954                     0.02009232    -0.09108864                         0.01938193
    SCEL6_3_1_2_0_0_0/3           1      0.50000000         -0.04967265                     0.06838915    -0.06526771                         0.05792317
    SCEL6_3_1_2_0_0_0/4           1      0.50000000         -0.03585752                     0.07759924    -0.04155518                         0.07373153
    SCEL6_3_1_2_0_0_0/5           1      0.33333333         -0.01026682                     0.06923859    -0.03342424                         0.05161288
    SCEL6_3_1_2_0_0_0/6           1      0.33333333         -0.01909682                     0.06261608    -0.01924253                         0.06224916
    SCEL6_3_1_2_0_0_0/7           1      0.16666667         -0.01254755                     0.03367308    -0.00510308                         0.04005738
    SCEL6_3_1_2_0_0_2/0           1      0.83333333         -0.04221295                     0.02517194    -0.04781491                         0.02226343
    SCEL6_3_1_2_0_0_2/1           1      0.66666667         -0.05663071                     0.04012562    -0.04450164                         0.04733413
    SCEL6_3_1_2_0_0_2/2           1      0.66666667         -0.08408574                     0.02365260    -0.08469390                         0.02321877
    SCEL6_3_1_2_0_0_2/3           1      0.50000000         -0.05318474                     0.06604775    -0.07345687                         0.05246373
    SCEL6_3_1_2_0_0_2/4           1      0.50000000         -0.04134694                     0.07393962    -0.05143642                         0.06714404
    SCEL6_3_1_2_0_0_2/5           1      0.33333333         -0.02665309                     0.05694888    -0.03813972                         0.04807627
    SCEL6_3_1_2_0_0_2/6           1      0.33333333         -0.02523045                     0.05801586    -0.02514684                         0.05782093
    SCEL6_3_1_2_0_0_2/7           1      0.16666667         -0.00152156                     0.04312393    0.00373130                          0.04762970
    SCEL6_3_1_2_0_2_2/0           1      0.83333333         -0.06259625                     0.01405377    -0.06702794                         0.01178359
    SCEL6_3_1_2_0_2_2/1           1      0.66666667         -0.04446676                     0.04742399    -0.03928701                         0.05046291
    SCEL6_3_1_2_0_2_2/2           1      0.66666667         -0.09563860                     0.01672089    -0.09381376                         0.01774685
    SCEL6_3_1_2_0_2_2/3           1      0.50000000         -0.03837497                     0.07592093    -0.03869265                         0.07563988
    SCEL6_3_1_2_0_2_2/4           1      0.50000000         -0.07898684                     0.04884635    -0.07169814                         0.05363622
    SCEL6_3_1_2_0_2_2/5           1      0.33333333         -0.01837388                     0.06315829    -0.03698069                         0.04894554
    SCEL6_3_1_2_0_2_2/6           1      0.33333333         -0.02510181                     0.05811234    -0.01499085                         0.06543792
    SCEL6_3_1_2_0_2_2/7           1      0.16666667         -0.00970678                     0.03610802    -0.01571616                         0.03096045
    SCEL6_3_2_1_0_1_2/0           1      0.83333333         -0.08836150                     0.00000000    -0.08863119                         0.00000000
    SCEL6_3_2_1_0_1_2/1           1      0.66666667         -0.10662722                     0.01012771    -0.10697045                         0.00985284
    SCEL6_3_2_1_0_1_2/2           1      0.66666667         -0.11362864                     0.00592686    -0.11424281                         0.00548942
    SCEL6_3_2_1_0_1_2/3           1      0.50000000         -0.11194141                     0.02687664    -0.10970115                         0.02830088
    SCEL6_3_2_1_0_1_2/4           1      0.50000000         -0.08618723                     0.04404609    -0.08688924                         0.04350882
    SCEL6_3_2_1_0_1_2/5           1      0.33333333         -0.05118288                     0.03855154    -0.05490499                         0.03550232
    SCEL6_3_2_1_0_1_2/6           1      0.33333333         -0.00298822                     0.07469754    -0.02192349                         0.06023845
    SCEL6_3_2_1_0_1_2/7           1      0.16666667         -0.01031733                     0.03558470    -0.00569164                         0.03955290
    SCEL6_6_1_1_0_0_5/0           1      0.83333333         -0.03722839                     0.02789079    -0.04177771                         0.02555644
    SCEL6_6_1_1_0_0_5/1           1      0.66666667         -0.02054592                     0.06177649    -0.03138925                         0.05520156
    SCEL6_6_1_1_0_0_5/2           1      0.66666667         -0.02407328                     0.05966008    -0.05064910                         0.04364565
    SCEL6_6_1_1_0_0_5/3           1      0.50000000         -0.01268788                     0.09304566    -0.03045151                         0.08113398
    SCEL6_6_1_1_0_0_5/4           1      0.50000000         -0.03626183                     0.07732970    -0.04000371                         0.07476584
    SCEL6_6_1_1_0_0_5/5           1      0.33333333         -0.03133393                     0.05343825    -0.02430266                         0.05845407
    SCEL6_6_1_1_0_0_5/6           1      0.33333333         -0.01858718                     0.06299831    -0.02270894                         0.05964936
    SCEL6_6_1_1_0_0_5/7           1      0.16666667         -0.00763236                     0.03788610    -0.00567262                         0.03956920
    SCEL6_6_1_1_0_1_0/0           1      0.83333333         -0.05312191                     0.01922160    -0.05094186                         0.02055782
    SCEL6_6_1_1_0_1_0/1           1      0.66666667         -0.05184693                     0.04299588    -0.05314684                         0.04214700
    SCEL6_6_1_1_0_1_0/2           1      0.66666667         -0.05131098                     0.04331745    -0.04406109                         0.04759846
    SCEL6_6_1_1_0_1_0/3           1      0.50000000         -0.01574693                     0.09100630    -0.04561992                         0.07102170
    SCEL6_6_1_1_0_1_0/4           1      0.50000000         -0.07196546                     0.05352728    -0.06243349                         0.05981265
    SCEL6_6_1_1_0_1_0/5           1      0.33333333         -0.04062529                     0.04646973    -0.04246418                         0.04483293
    SCEL6_6_1_1_0_1_0/6           1      0.33333333         -0.02568352                     0.05767606    -0.02778135                         0.05584505
    SCEL6_6_1_1_0_1_0/7           1      0.16666667         -0.02437557                     0.02353478    -0.02671350                         0.02153416
    SCEL6_6_1_1_0_1_4/0           1      0.83333333         -0.07157454                     0.00915653    -0.07270440                         0.00868734
    SCEL6_6_1_1_0_1_4/1           1      0.66666667         -0.11693225                     0.00394470    -0.11649513                         0.00413803
    SCEL6_6_1_1_0_1_4/2           1      0.66666667         -0.04418270                     0.04759442    -0.04884696                         0.04472693
    SCEL6_6_1_1_0_1_4/3           1      0.50000000         -0.05416483                     0.06539436    -0.07841516                         0.04915821
    SCEL6_6_1_1_0_1_4/4           1      0.50000000         -0.07864207                     0.04907620    -0.07915549                         0.04866465
    SCEL6_6_1_1_0_1_4/5           1      0.33333333         -0.01172924                     0.06814177    -0.02439902                         0.05838179
    SCEL6_6_1_1_0_1_4/6           1      0.33333333         -0.05562590                     0.03521927    -0.06097265                         0.03095157
    SCEL6_6_1_1_0_1_4/7           1      0.16666667         -0.02339373                     0.02437635    -0.02197203                         0.02559828
    SCEL6_6_1_1_0_3_2/0           1      0.83333333         -0.03888605                     0.02698661    -0.03853377                         0.02732587
    SCEL6_6_1_1_0_3_2/1           1      0.66666667         -0.06275188                     0.03645291    -0.06597506                         0.03445007
    SCEL6_6_1_1_0_3_2/2           1      0.66666667         -0.01943364                     0.06244386    -0.02747520                         0.05754999
    SCEL6_6_1_1_0_3_2/3           1      0.50000000         -0.07948790                     0.04851232    -0.08380068                         0.04556786
    SCEL6_6_1_1_0_3_2/4           1      0.50000000         -0.04683483                     0.07028103    -0.04502658                         0.07141726
    SCEL6_6_1_1_0_3_2/5           1      0.33333333         -0.07199977                     0.02293887    -0.07276431                         0.02210783
    SCEL6_6_1_1_0_3_2/6           1      0.33333333         -0.05948752                     0.03232306    -0.05382561                         0.03631185
    SCEL6_6_1_1_0_3_2/7           1      0.16666667         -0.03685401                     0.01283897    -0.03651188                         0.01313555
    SCEL6_6_1_1_0_5_5/0           1      0.83333333         -0.02356796                     0.03534193    -0.01867272                         0.03815917
    SCEL6_6_1_1_0_5_5/1           1      0.66666667         -0.00899322                     0.06870811    -0.01520767                         0.06491051
    SCEL6_6_1_1_0_5_5/2           1      0.66666667         -0.04171469                     0.04907523    -0.03134685                         0.05522700
    SCEL6_6_1_1_0_5_5/3           1      0.50000000         -0.01800171                     0.08950311    -0.01570240                         0.09096672
    SCEL6_6_1_1_0_5_5/4           1      0.50000000         -0.01000280                     0.09483572    -0.00996166                         0.09479388
    SCEL6_6_1_1_0_5_5/5           1      0.33333333         0.00183524                      0.07831513    0.00125950                          0.07762569
    SCEL6_6_1_1_0_5_5/6           1      0.33333333         -0.02229916                     0.06021433    -0.02209531                         0.06010958
    SCEL6_6_1_1_0_5_5/7           1      0.16666667         -0.00574848                     0.03950085    -0.00700556                         0.03842668
    SCEL7_7_1_1_0_0_0/0           1      0.85714286         -0.01538087                     0.03405850    -0.01599288                         0.03344396
    SCEL7_7_1_1_0_0_0/1           1      0.71428571         -0.02146421                     0.05473320    -0.02476827                         0.05273698
    SCEL7_7_1_1_0_0_0/2           1      0.71428571         -0.01524558                     0.05836073    -0.01180123                         0.06030109
    SCEL7_7_1_1_0_0_0/3           1      0.57142857         0.00079157                      0.08955333    -0.00400320                         0.08643300
    SCEL7_7_1_1_0_0_0/4           1      0.71428571         -0.01887973                     0.05624082    -0.02187817                         0.05442288
    SCEL7_7_1_1_0_0_0/5           1      0.57142857         -0.02728608                     0.07168574    -0.02666465                         0.07201208
    SCEL7_7_1_1_0_0_0/6           1      0.42857143         -0.00559505                     0.08776149    -0.00560793                         0.08760786
    SCEL7_7_1_1_0_0_0/7           1      0.57142857         -0.02054069                     0.07597826    -0.02164143                         0.07520867
    SCEL7_7_1_1_0_0_0/8           1      0.57142857         -0.00311618                     0.08706659    -0.00602541                         0.08514614
    SCEL7_7_1_1_0_0_0/9           1      0.42857143         -0.00466263                     0.08841419    -0.00549702                         0.08768550
    SCEL7_7_1_1_0_0_0/10          1      0.42857143         -0.03222530                     0.06912032    -0.03369756                         0.06794512
    SCEL7_7_1_1_0_0_0/11          1      0.28571429         -0.00800192                     0.06252647    -0.00799171                         0.06221398
    SCEL7_7_1_1_0_0_0/12          1      0.42857143         -0.01560519                     0.08075439    -0.01425993                         0.08155146
    SCEL7_7_1_1_0_0_0/13          1      0.28571429         0.00274485                      0.07088507    0.00216714                          0.07011531
    SCEL7_7_1_1_0_0_0/14          1      0.28571429         -0.01890358                     0.05404740    -0.02218280                         0.05117647
    SCEL7_7_1_1_0_0_0/15          1      0.14285714         -0.00445062                     0.03498031    -0.00613881                         0.03362334
    SCEL7_7_1_1_0_0_6/0           1      0.85714286         -0.02922978                     0.02660139    -0.03588822                         0.02273108
    SCEL7_7_1_1_0_0_6/1           1      0.71428571         -0.04890072                     0.03872857    -0.04429898                         0.04134407
    SCEL7_7_1_1_0_0_6/2           1      0.71428571         -0.05419922                     0.03563778    -0.06957558                         0.02659939
    SCEL7_7_1_1_0_0_6/3           1      0.57142857         -0.05432284                     0.05448053    -0.05406833                         0.05457337
    SCEL7_7_1_1_0_0_6/4           1      0.71428571         -0.02426238                     0.05310094    -0.02678400                         0.05156114
    SCEL7_7_1_1_0_0_6/6           1      0.42857143         -0.01311720                     0.08249599    -0.02485334                         0.07413607
    SCEL7_7_1_1_0_0_6/7           1      0.57142857         -0.02626479                     0.07233565    -0.02649606                         0.07211937
    SCEL7_7_1_1_0_0_6/8           1      0.57142857         -0.05602606                     0.05339666    -0.05873437                         0.05160408
    SCEL7_7_1_1_0_0_6/9           1      0.42857143         -0.03388939                     0.06795546    -0.03757555                         0.06523053
    SCEL7_7_1_1_0_0_6/10          1      0.42857143         -0.00793202                     0.08612561    -0.02244677                         0.07582067
    SCEL7_7_1_1_0_0_6/11          1      0.28571429         -0.01069357                     0.06043296    -0.01630099                         0.05575121
    SCEL7_7_1_1_0_0_6/12          1      0.42857143         -0.02130643                     0.07676353    -0.02642381                         0.07303675
    SCEL7_7_1_1_0_0_6/14          1      0.28571429         -0.02326320                     0.05065658    -0.02085613                         0.05220832
    SCEL7_7_1_1_0_0_6/15          1      0.14285714         -0.00565537                     0.03392615    -0.00508734                         0.03454337
    SCEL7_7_1_1_0_2_4/0           1      0.85714286         -0.05470003                     0.01288664    -0.05895418                         0.01031095
    SCEL7_7_1_1_0_2_4/1           1      0.71428571         -0.08960033                     0.01498713    -0.09034100                         0.01448622
    SCEL7_7_1_1_0_2_4/2           1      0.71428571         -0.08519002                     0.01755981    -0.08640080                         0.01678468
    SCEL7_7_1_1_0_2_4/3           1      0.57142857         -0.07743758                     0.03977115    -0.08451779                         0.03519644
    SCEL7_7_1_1_0_2_4/4           1      0.71428571         -0.08566289                     0.01728397    -0.08236397                         0.01913950
    SCEL7_7_1_1_0_2_4/5           1      0.57142857         -0.07770434                     0.03960139    -0.08082689                         0.03754520
    SCEL7_7_1_1_0_2_4/6           1      0.42857143         -0.06470057                     0.04638763    -0.06401752                         0.04672115
    SCEL7_7_1_1_0_2_4/7           1      0.57142857         -0.07449110                     0.04164618    -0.08935529                         0.03211803
    SCEL7_7_1_1_0_2_4/8           1      0.57142857         -0.11422595                     0.01636037    -0.11239671                         0.01745531
    SCEL7_7_1_1_0_2_4/9           1      0.42857143         -0.06337176                     0.04731779    -0.07621025                         0.03818624
    SCEL7_7_1_1_0_2_4/10          1      0.42857143         -0.03073100                     0.07016633    -0.05700795                         0.05162785
    SCEL7_7_1_1_0_2_4/11          1      0.28571429         -0.03717537                     0.03983601    -0.04229652                         0.03553246
    SCEL7_7_1_1_0_2_4/12          1      0.42857143         -0.10602415                     0.01746112    -0.10555057                         0.01764801
    SCEL7_7_1_1_0_2_4/13          1      0.28571429         -0.07597234                     0.00966059    -0.07751165                         0.00814292
    SCEL7_7_1_1_0_2_4/14          1      0.28571429         -0.03085190                     0.04475426    -0.03612654                         0.04033133
    SCEL7_7_1_1_0_2_4/15          1      0.14285714         -0.02770341                     0.01463412    -0.02485652                         0.01724535
    SCEL7_7_1_1_0_3_5/0           1      0.85714286         -0.07477186                     0.00207873    -0.07557495                         0.00136131
    SCEL7_7_1_1_0_3_5/1           1      0.71428571         -0.10604293                     0.00539562    -0.10558961                         0.00559120
    SCEL7_7_1_1_0_3_5/2           1      0.57142857         -0.10062522                     0.02501538    -0.09847938                         0.02631180
    SCEL7_7_1_1_0_3_5/3           1      0.57142857         -0.09637300                     0.02772133    -0.09644047                         0.02760928
    SCEL7_7_1_1_0_3_5/4           1      0.42857143         -0.07000831                     0.04267221    -0.07947494                         0.03590095
    SCEL7_7_1_1_0_3_5/5           1      0.42857143         -0.04534488                     0.05993661    -0.04099379                         0.06283776
    SCEL7_7_1_1_0_3_5/6           1      0.28571429         -0.02123050                     0.05223757    -0.02170945                         0.05154463
    SCEL7_7_1_1_0_3_5/7           1      0.14285714         0.00204934                      0.04066778    0.00801252                          0.04600576
    SCEL7_7_1_1_0_3_6/0           1      0.85714286         -0.06701788                     0.00625395    -0.06471779                         0.00720747
    SCEL7_7_1_1_0_3_6/1           1      0.71428571         -0.04840294                     0.03901895    -0.05070435                         0.03760761
    SCEL7_7_1_1_0_3_6/2           1      0.71428571         -0.07325156                     0.02452391    -0.07704399                         0.02224281
    SCEL7_7_1_1_0_3_6/3           1      0.57142857         -0.03107087                     0.06927724    -0.02377039                         0.07385388
    SCEL7_7_1_1_0_3_6/4           1      0.71428571         -0.11529256                     0.00000000    -0.11517453                         0.00000000
    SCEL7_7_1_1_0_3_6/5           1      0.57142857         -0.08346367                     0.03593637    -0.07730228                         0.03978814
    SCEL7_7_1_1_0_3_6/6           1      0.42857143         -0.03778710                     0.06522706    -0.02930121                         0.07102256
    SCEL7_7_1_1_0_3_6/7           1      0.57142857         -0.08594345                     0.03435833    -0.08145444                         0.03714585
    SCEL7_7_1_1_0_3_6/8           1      0.57142857         -0.09051646                     0.03144822    -0.08642208                         0.03398462
    SCEL7_7_1_1_0_3_6/9           1      0.42857143         -0.04196758                     0.06230073    -0.03800120                         0.06493257
    SCEL7_7_1_1_0_3_6/10          1      0.42857143         -0.06390930                     0.04694152    -0.06987597                         0.04262023
    SCEL7_7_1_1_0_3_6/11          1      0.28571429         -0.01891588                     0.05403783    -0.03042743                         0.04476397
    SCEL7_7_1_1_0_3_6/12          1      0.42857143         -0.05218296                     0.05514995    -0.05353411                         0.05405954
    SCEL7_7_1_1_0_3_6/13          1      0.28571429         -0.01764471                     0.05502652    0.00296123                          0.07073293
    SCEL7_7_1_1_0_3_6/14          1      0.28571429         -0.03332510                     0.04283066    -0.03936952                         0.03780901
    SCEL7_7_1_1_0_3_6/15          1      0.14285714         -0.01016704                     0.02997844    -0.00631477                         0.03346938
    SCEL7_7_1_1_0_6_4/0           1      0.85714286         -0.03620826                     0.02284375    -0.04834089                         0.01602580
    SCEL7_7_1_1_0_6_4/1           1      0.71428571         -0.05344893                     0.03607545    -0.06022818                         0.03205204
    SCEL7_7_1_1_0_6_4/2           1      0.71428571         -0.09587990                     0.01132405    -0.09381369                         0.01246049
    SCEL7_7_1_1_0_6_4/3           1      0.57142857         -0.05270180                     0.05551210    -0.05245959                         0.05559712
    SCEL7_7_1_1_0_6_4/4           1      0.71428571         -0.04050235                     0.04362762    -0.05015575                         0.03792762
    SCEL7_7_1_1_0_6_4/5           1      0.57142857         -0.06219563                     0.04947057    -0.08141795                         0.03716907
    SCEL7_7_1_1_0_6_4/6           1      0.42857143         -0.02802875                     0.07205791    -0.04879010                         0.05738035
    SCEL7_7_1_1_0_6_4/7           1      0.57142857         -0.01990045                     0.07638569    -0.03927924                         0.06398461
    SCEL7_7_1_1_0_6_4/8           1      0.57142857         -0.06229484                     0.04940744    -0.06666564                         0.04655690
    SCEL7_7_1_1_0_6_4/9           1      0.42857143         -0.02293902                     0.07562071    -0.03620155                         0.06619233
    SCEL7_7_1_1_0_6_4/10          1      0.42857143         -0.03215655                     0.06916844    -0.05488299                         0.05311532
    SCEL7_7_1_1_0_6_4/11          1      0.28571429         -0.00606025                     0.06403665    -0.02762199                         0.04694599
    SCEL7_7_1_1_0_6_4/12          1      0.42857143         -0.02313321                     0.07548478    -0.04618682                         0.05920264
    SCEL7_7_1_1_0_6_4/13          1      0.28571429         0.00348562                      0.07146122    -0.00831559                         0.06196207
    SCEL7_7_1_1_0_6_4/14          1      0.28571429         -0.01799160                     0.05475672    -0.02001348                         0.05286372
    SCEL7_7_1_1_0_6_4/15          1      0.14285714         -0.00244211                     0.03673776    0.00078193                          0.03967899
    SCEL7_7_1_1_0_6_5/0           1      0.85714286         -0.04615331                     0.01748872    -0.04284371                         0.01898582
    SCEL7_7_1_1_0_6_5/1           1      0.71428571         -0.04210956                     0.04269008    -0.03626691                         0.04602944
    SCEL7_7_1_1_0_6_5/2           1      0.71428571         -0.09024852                     0.01460902    -0.08874339                         0.01541817
    SCEL7_7_1_1_0_6_5/3           1      0.57142857         -0.06533806                     0.04747084    -0.06114851                         0.05006781
    SCEL7_7_1_1_0_6_5/4           1      0.71428571         -0.05083849                     0.03759821    -0.04633120                         0.04015861
    SCEL7_7_1_1_0_6_5/5           1      0.57142857         -0.04707488                     0.05909287    -0.04144844                         0.06260422
    SCEL7_7_1_1_0_6_5/6           1      0.42857143         -0.03835136                     0.06483208    -0.04403614                         0.06070811
    SCEL7_7_1_1_0_6_5/7           1      0.57142857         -0.02845490                     0.07094195    -0.04751778                         0.05874191
    SCEL7_7_1_1_0_6_5/8           1      0.57142857         -0.08756203                     0.03332832    -0.08593102                         0.03429712
    SCEL7_7_1_1_0_6_5/9           1      0.42857143         -0.04534741                     0.05993484    -0.05122916                         0.05567300
    SCEL7_7_1_1_0_6_5/10          1      0.42857143         -0.01715127                     0.07967214    -0.03687888                         0.06571820
    SCEL7_7_1_1_0_6_5/11          1      0.28571429         -0.03535166                     0.04125445    -0.03319037                         0.04261502
    SCEL7_7_1_1_0_6_5/12          1      0.42857143         -0.06162513                     0.04854044    -0.04981591                         0.05666228
    SCEL7_7_1_1_0_6_5/13          1      0.28571429         -0.03859078                     0.03873513    -0.04118789                         0.03639473
    SCEL7_7_1_1_0_6_5/14          1      0.28571429         -0.02633408                     0.04826812    -0.03072537                         0.04453225
    SCEL7_7_1_1_0_6_5/15          1      0.14285714         -0.02155253                     0.02001615    -0.02105711                         0.02056983
    SCEL8_1_1_8_0_0_0/0           1      0.87500000         -0.01552776                     0.02976413    -0.01398301                         0.02998613
    SCEL8_1_1_8_0_0_0/1           1      0.75000000         -0.00825499                     0.05716648    -0.01730550                         0.05200210
    SCEL8_1_1_8_0_0_0/2           1      0.75000000         -0.02710495                     0.04639508    -0.01806372                         0.05156883
    SCEL8_1_1_8_0_0_0/4           1      0.75000000         -0.01064197                     0.05580249    -0.01031531                         0.05599650
    SCEL8_1_1_8_0_0_0/5           1      0.62500000         -0.01420269                     0.07168705    -0.01789592                         0.06934528
    SCEL8_1_1_8_0_0_0/6           1      0.50000000         -0.01097218                     0.09418946    -0.01472987                         0.09161506
    SCEL8_1_1_8_0_0_0/7           1      0.62500000         -0.01938009                     0.06850096    -0.02043204                         0.06778459
    SCEL8_1_1_8_0_0_0/8           1      0.62500000         -0.04399709                     0.05335203    -0.03402811                         0.05941778
    SCEL8_1_1_8_0_0_0/9           1      0.50000000         -0.01902346                     0.08882194    -0.01905813                         0.08872956
    SCEL8_1_1_8_0_0_0/10          1      0.50000000         -0.01806933                     0.08945803    -0.02046683                         0.08779043
    SCEL8_1_1_8_0_0_0/11          1      0.37500000         -0.02023544                     0.06892171    -0.02259281                         0.06700100
    SCEL8_1_1_8_0_0_0/12          1      0.62500000         -0.00998932                     0.07427989    -0.00419255                         0.07777812
    SCEL8_1_1_8_0_0_0/13          1      0.50000000         0.00343119                      0.10379171    0.00049290                          0.10176358
    SCEL8_1_1_8_0_0_0/14          1      0.50000000         -0.02509730                     0.08477272    -0.01960131                         0.08836744
    SCEL8_1_1_8_0_0_0/15          1      0.37500000         -0.00444913                     0.08040266    -0.00657945                         0.07864708
    SCEL8_1_1_8_0_0_0/16          1      0.37500000         -0.00200090                     0.08218319    -0.00331450                         0.08102158
    SCEL8_1_1_8_0_0_0/17          1      0.25000000         -0.00837985                     0.05549549    -0.00983121                         0.05396374
    SCEL8_1_1_8_0_0_0/18          1      0.50000000         -0.00393199                     0.09888292    -0.00597287                         0.09745306
    SCEL8_1_1_8_0_0_0/19          1      0.37500000         -0.02961791                     0.06209810    -0.02708946                         0.06373071
    SCEL8_1_1_8_0_0_0/20          1      0.37500000         -0.01336826                     0.07391603    -0.01152581                         0.07504972
    SCEL8_1_1_8_0_0_0/21          1      0.25000000         -0.01586351                     0.04950856    -0.01845832                         0.04706205
    SCEL8_1_1_8_0_0_0/22          1      0.25000000         0.00369959                      0.06515904    0.00177897                          0.06325188
    SCEL8_1_1_8_0_0_0/23          1      0.12500000         -0.00284473                     0.03202655    -0.00548874                         0.02988742
    SCEL8_2_2_2_0_0_0/0           1      0.87500000         -0.04957965                     0.01160313    -0.05032665                         0.01060285
    SCEL8_2_2_2_0_0_0/1           1      0.62500000         -0.09151136                     0.02411249    -0.09567843                         0.02147912
    SCEL8_2_2_2_0_0_0/2           1      0.50000000         -0.02989319                     0.08157546    -0.06258826                         0.05970947
    SCEL8_2_2_2_0_0_0/3           1      0.37500000         -0.02968005                     0.06205291    -0.03704715                         0.05648875
    SCEL8_2_2_2_0_0_0/4           1      0.50000000         -0.05801922                     0.06282477    -0.07117139                         0.05398739
    SCEL8_2_2_2_0_0_0/5           1      0.62500000         -0.04241333                     0.05432665    -0.04336936                         0.05366932
    SCEL8_2_2_2_0_0_0/6           1      0.37500000         -0.04780991                     0.04886755    -0.06683159                         0.03482734
    SCEL8_2_2_2_0_0_0/7           1      0.12500000         -0.01809648                     0.01846944    -0.01790874                         0.01884742
    SCEL8_2_4_1_0_1_1/0           1      0.87500000         -0.05330584                     0.00961582    -0.05066114                         0.01042446
    SCEL8_2_4_1_0_1_1/1           1      0.75000000         -0.05643898                     0.02963277    -0.05625249                         0.02974668
    SCEL8_2_4_1_0_1_1/2           1      0.75000000         -0.10113716                     0.00409095    -0.10024059                         0.00461062
    SCEL8_2_4_1_0_1_1/3           1      0.62500000         -0.06837460                     0.03835049    -0.06415051                         0.04088092
    SCEL8_2_4_1_0_1_1/4           1      0.75000000         -0.05857110                     0.02841442    -0.06530749                         0.02457239
    SCEL8_2_4_1_0_1_1/5           1      0.62500000         -0.08447506                     0.02844252    -0.07953618                         0.03141282
    SCEL8_2_4_1_0_1_1/6           1      0.50000000         -0.04681929                     0.07029139    -0.05484764                         0.06486989
    SCEL8_2_4_1_0_1_1/7           1      0.62500000         -0.02747838                     0.06351740    -0.03886792                         0.05643944
    SCEL8_2_4_1_0_1_1/8           1      0.62500000         -0.07221140                     0.03598938    -0.07952685                         0.03141856
    SCEL8_2_4_1_0_1_1/9           1      0.50000000         -0.04346624                     0.07252676    -0.05173720                         0.06694351
    SCEL8_2_4_1_0_1_1/10          1      0.50000000         -0.04653723                     0.07047943    -0.04910287                         0.06869973
    SCEL8_2_4_1_0_1_1/11          1      0.37500000         -0.01921172                     0.06966624    -0.03627039                         0.05705366
    SCEL8_2_4_1_0_1_1/12          1      0.62500000         -0.07375442                     0.03503983    -0.07982220                         0.03123680
    SCEL8_2_4_1_0_1_1/13          1      0.50000000         -0.04038517                     0.07458080    -0.04335084                         0.07253442
    SCEL8_2_4_1_0_1_1/14          1      0.50000000         -0.05486850                     0.06492525    -0.05956514                         0.06172488
    SCEL8_2_4_1_0_1_1/15          1      0.37500000         -0.02370533                     0.06639816    -0.03625422                         0.05706543
    SCEL8_2_4_1_0_1_1/16          1      0.37500000         -0.01965688                     0.06934248    -0.02111851                         0.06807321
    SCEL8_2_4_1_0_1_1/17          1      0.25000000         -0.01371721                     0.05122561    -0.01591681                         0.04909526
    SCEL8_2_4_1_0_1_1/18          1      0.50000000         -0.05611927                     0.06409140    -0.05965826                         0.06166281
    SCEL8_2_4_1_0_1_1/19          1      0.37500000         -0.03451791                     0.05853446    -0.03428260                         0.05849933
    SCEL8_2_4_1_0_1_1/20          1      0.37500000         -0.02801078                     0.06326692    -0.03264244                         0.05969217
    SCEL8_2_4_1_0_1_1/21          1      0.25000000         -0.01880621                     0.04715440    -0.02276025                         0.04362051
    SCEL8_2_4_1_0_1_1/22          1      0.25000000         -0.01164869                     0.05288042    -0.00567218                         0.05729097
    SCEL8_2_4_1_0_1_1/23          1      0.12500000         -0.00869927                     0.02682252    -0.00259753                         0.03245738
    SCEL8_2_4_1_1_0_1/0           1      0.87500000         -0.06338683                     0.00423929    -0.06286015                         0.00391833
    SCEL8_2_4_1_1_0_1/1           1      0.75000000         -0.10702483                     0.00072657    -0.10619628                         0.00120737
    SCEL8_2_4_1_1_0_1/2           1      0.75000000         -0.08166792                     0.01521623    -0.07763343                         0.01752900
    SCEL8_2_4_1_1_0_1/3           1      0.62500000         -0.09381977                     0.02269193    -0.10134259                         0.01799349
    SCEL8_2_4_1_1_0_1/4           1      0.62500000         -0.11216177                     0.01140454    -0.11277332                         0.01095919
    SCEL8_2_4_1_1_0_1/5           1      0.50000000         -0.09809821                     0.03610544    -0.09434993                         0.03853503
    SCEL8_2_4_1_1_0_1/6           1      0.62500000         -0.08494556                     0.02815297    -0.08689397                         0.02688494
    SCEL8_2_4_1_1_0_1/7           1      0.62500000         -0.04280052                     0.05408839    -0.04602727                         0.05203368
    SCEL8_2_4_1_1_0_1/8           1      0.50000000         -0.04200796                     0.07349894    -0.06750603                         0.05643096
    SCEL8_2_4_1_1_0_1/9           1      0.50000000         -0.08379312                     0.04564217    -0.08154071                         0.04707451
    SCEL8_2_4_1_1_0_1/10          1      0.37500000         -0.04196451                     0.05311875    -0.04781388                         0.04865840
    SCEL8_2_4_1_1_0_1/11          1      0.50000000         -0.04038423                     0.07458143    -0.06383040                         0.05888138
    SCEL8_2_4_1_1_0_1/12          1      0.37500000         -0.02777255                     0.06344018    -0.04153430                         0.05322536
    SCEL8_2_4_1_1_0_1/13          1      0.37500000         -0.01687260                     0.07136741    -0.02667717                         0.06403055
    SCEL8_2_4_1_1_0_1/14          1      0.25000000         0.00156274                      0.06344957    0.00903208                          0.06905437
    SCEL8_2_4_1_1_0_1/15          1      0.37500000         -0.04693550                     0.04950349    -0.06772770                         0.03417562
    SCEL8_2_4_1_1_0_1/16          1      0.25000000         -0.04083923                     0.02952798    -0.04432230                         0.02637087
    SCEL8_2_4_1_1_0_1/17          1      0.12500000         -0.00323808                     0.03167691    0.00638381                          0.04044080
    SCEL8_2_4_1_1_1_0/0           1      0.87500000         -0.03753279                     0.01802812    -0.03929717                         0.01648525
    SCEL8_2_4_1_1_1_0/1           1      0.75000000         -0.07771330                     0.01747602    -0.07597071                         0.01847913
    SCEL8_2_4_1_1_1_0/2           1      0.62500000         -0.08213347                     0.02988349    -0.08089333                         0.03057765
    SCEL8_2_4_1_1_1_0/3           1      0.62500000         -0.01290979                     0.07248268    -0.01254410                         0.07263871
    SCEL8_2_4_1_1_1_0/4           1      0.62500000         -0.02794640                     0.06322938    -0.02964126                         0.06211738
    SCEL8_2_4_1_1_1_0/5           1      0.50000000         -0.02825587                     0.08266700    -0.04498052                         0.07144797
    SCEL8_2_4_1_1_1_0/6           1      0.37500000         -0.01362998                     0.07372568    -0.03465262                         0.05823022
    SCEL8_2_4_1_1_1_0/7           1      0.37500000         -0.04357235                     0.05194941    -0.05550895                         0.04306198
    SCEL8_2_4_1_1_1_0/8           1      0.50000000         -0.04485206                     0.07160288    -0.05348122                         0.06578083
    SCEL8_2_4_1_1_1_0/9           1      0.37500000         -0.03258628                     0.05993928    -0.04954747                         0.04739761
    SCEL8_2_4_1_1_1_0/10          1      0.25000000         -0.01173174                     0.05281398    -0.02393506                         0.04268067
    SCEL8_2_4_1_1_1_0/11          1      0.12500000         -0.01724408                     0.01922713    -0.01926982                         0.01763757
    SCEL8_2_4_1_1_1_0/12          1      0.50000000         -0.06268722                     0.05971277    -0.07386882                         0.05218910
    SCEL8_4_1_2_0_0_0/0           1      0.87500000         -0.05326409                     0.00963809    -0.05037523                         0.01057695
    SCEL8_4_1_2_0_0_0/1           1      0.75000000         -0.06682537                     0.02369769    -0.06528644                         0.02458442
    SCEL8_4_1_2_0_0_0/2           1      0.62500000         -0.08624491                     0.02735338    -0.08766729                         0.02640905
    SCEL8_4_1_2_0_0_0/3           1      0.75000000         -0.05056694                     0.03298823    -0.05783359                         0.02884319
    SCEL8_4_1_2_0_0_0/4           1      0.62500000         -0.07350224                     0.03519502    -0.07889631                         0.03180658
    SCEL8_4_1_2_0_0_0/5           1      0.62500000         -0.07483147                     0.03437703    -0.07057720                         0.03692604
    SCEL8_4_1_2_0_0_0/6           1      0.50000000         -0.05317861                     0.06605184    -0.06022415                         0.06128555
    SCEL8_4_1_2_0_0_0/7           1      0.62500000         -0.06521065                     0.04029753    -0.06313859                         0.04150364
    SCEL8_4_1_2_0_0_0/8           1      0.37500000         -0.02530000                     0.06523840    -0.04401901                         0.05141830
    SCEL8_4_1_2_0_0_0/9           1      0.62500000         -0.02804113                     0.06317109    -0.03993386                         0.05578348
    SCEL8_4_1_2_0_0_0/10          1      0.50000000         -0.04798186                     0.06951634    -0.05465267                         0.06499987
    SCEL8_4_1_2_0_0_0/11          1      0.37500000         -0.03415006                     0.05880199    -0.03670037                         0.05674095
    SCEL8_4_1_2_0_0_0/12          1      0.50000000         -0.05455545                     0.06513395    -0.06109322                         0.06070617
    SCEL8_4_1_2_0_0_0/13          1      0.37500000         -0.03011960                     0.06173323    -0.03767092                         0.05603510
    SCEL8_4_1_2_0_0_0/14          1      0.25000000         -0.00923630                     0.05481033    -0.01685460                         0.04834503
    SCEL8_4_1_2_0_0_0/15          1      0.37500000         -0.02380326                     0.06632693    -0.03115382                         0.06077480
    SCEL8_4_1_2_0_0_0/16          1      0.12500000         -0.00380523                     0.03117278    -0.00467068                         0.03061459
    SCEL8_4_1_2_0_0_0/17          1      0.50000000         -0.04754536                     0.06980734    -0.05516464                         0.06465856
    SCEL8_4_1_2_0_0_0/18          1      0.50000000         -0.04139562                     0.07390717    -0.04086354                         0.07419262
    SCEL8_4_1_2_0_0_0/19          1      0.37500000         -0.02006071                     0.06904879    -0.02183981                         0.06754863
    SCEL8_4_1_2_0_0_0/20          1      0.25000000         -0.01180647                     0.05275420    -0.01032327                         0.05357009
    SCEL8_4_1_2_0_0_1/0           1      0.87500000         -0.05658378                     0.00786759    -0.06225101                         0.00424320
    SCEL8_4_1_2_0_0_1/1           1      0.75000000         -0.10498856                     0.00189016    -0.10490403                         0.00194580
    SCEL8_4_1_2_0_0_1/2           1      0.62500000         -0.08527170                     0.02795227    -0.09056235                         0.02462748
    SCEL8_4_1_2_0_0_1/3           1      0.62500000         -0.03713390                     0.05757554    -0.03877071                         0.05649926
    SCEL8_4_1_2_0_0_1/4           1      0.62500000         -0.10431132                     0.01623558    -0.10206424                         0.01754939
    SCEL8_4_1_2_0_0_1/5           1      0.50000000         -0.05447037                     0.06519067    -0.06293014                         0.05948155
    SCEL8_4_1_2_0_0_1/6           1      0.37500000         -0.01912399                     0.06973004    -0.04404181                         0.05140172
    SCEL8_4_1_2_0_0_1/7           1      0.62500000         -0.11439346                     0.01003119    -0.11099542                         0.01205328
    SCEL8_4_1_2_0_0_1/8           1      0.37500000         -0.05352966                     0.04470773    -0.05350246                         0.04452125
    SCEL8_4_1_2_0_0_1/9           1      0.50000000         -0.05011262                     0.06809583    -0.09674924                         0.03693549
    SCEL8_4_1_2_0_0_1/10          1      0.37500000         -0.02318776                     0.06677457    -0.03959710                         0.05463424
    SCEL8_4_1_2_0_0_1/11          1      0.25000000         -0.01325301                     0.05159696    -0.02379578                         0.04279209
    SCEL8_4_1_2_0_0_1/12          1      0.12500000         -0.01565939                     0.02063575    -0.01343090                         0.02282772
    SCEL8_4_1_2_0_0_1/13          1      0.50000000         -0.06557093                     0.05779030    -0.09761913                         0.03635556
    SCEL8_4_1_2_0_0_1/14          1      0.50000000         -0.10018092                     0.03471697    -0.11042798                         0.02781633
    SCEL8_4_1_2_0_0_1/15          1      0.37500000         -0.06424761                     0.03691286    -0.08954253                         0.01831029
    SCEL8_4_1_2_0_1_0/0           1      0.87500000         -0.04477248                     0.01416695    -0.04366918                         0.01415351
    SCEL8_4_1_2_0_1_0/1           1      0.75000000         -0.04176495                     0.03801793    -0.04291451                         0.03736838
    SCEL8_4_1_2_0_1_0/2           1      0.75000000         -0.04961916                     0.03352982    -0.05754532                         0.02900792
    SCEL8_4_1_2_0_1_0/3           1      0.62500000         -0.01364620                     0.07202950    -0.04073016                         0.05529344
    SCEL8_4_1_2_0_1_0/4           1      0.75000000         -0.07411234                     0.01953371    -0.07094095                         0.02135327
    SCEL8_4_1_2_0_1_0/5           1      0.62500000         -0.04860316                     0.05051753    -0.05021311                         0.04945778
    SCEL8_4_1_2_0_1_0/6           1      0.50000000         -0.01694072                     0.09021044    -0.03681256                         0.07689328
    SCEL8_4_1_2_0_1_0/7           1      0.62500000         -0.08379402                     0.02886162    -0.08531477                         0.02785676
    SCEL8_4_1_2_0_1_0/8           1      0.62500000         -0.07719967                     0.03291968    -0.07745651                         0.03269261
    SCEL8_4_1_2_0_1_0/9           1      0.50000000         -0.04686177                     0.07026307    -0.05314520                         0.06600484
    SCEL8_4_1_2_0_1_0/10          1      0.50000000         -0.05313861                     0.06607851    -0.04814948                         0.06933533
    SCEL8_4_1_2_0_1_0/11          1      0.37500000         -0.02800354                     0.06327219    -0.03298907                         0.05944008
    SCEL8_4_1_2_0_1_0/12          1      0.62500000         -0.08415064                     0.02864216    -0.08117326                         0.03040538
    SCEL8_4_1_2_0_1_0/13          1      0.50000000         -0.04033687                     0.07461300    -0.07118086                         0.05398107
    SCEL8_4_1_2_0_1_0/14          1      0.50000000         -0.05218589                     0.06671366    -0.06543479                         0.05781179
    SCEL8_4_1_2_0_1_0/15          1      0.37500000         -0.02227086                     0.06744141    -0.04406490                         0.05138493
    SCEL8_4_1_2_0_1_0/16          1      0.37500000         -0.02180386                     0.06778104    -0.04683712                         0.04936877
    SCEL8_4_1_2_0_1_0/17          1      0.25000000         -0.01436879                     0.05070434    -0.02915845                         0.03850195
    SCEL8_4_1_2_0_1_0/18          1      0.50000000         -0.04151355                     0.07382855    -0.05594423                         0.06413883
    SCEL8_4_1_2_0_1_0/19          1      0.37500000         -0.03110091                     0.06101955    -0.03252518                         0.05977745
    SCEL8_4_1_2_0_1_0/20          1      0.37500000         -0.01220665                     0.07476083    -0.03055518                         0.06121018
    SCEL8_4_1_2_0_1_0/21          1      0.25000000         -0.00939895                     0.05468021    -0.01589707                         0.04911105
    SCEL8_4_1_2_0_1_0/22          1      0.25000000         0.00308425                      0.06466677    -0.01430790                         0.05038239
    SCEL8_4_1_2_0_1_0/23          1      0.12500000         -0.00026614                     0.03431864    -0.00557051                         0.02981474
    SCEL8_4_1_2_0_1_2/0           1      0.87500000         -0.06852068                     0.00150124    -0.06838626                         0.00097106
    SCEL8_4_1_2_0_1_2/1           1      0.75000000         -0.08831579                     0.01141746    -0.08663154                         0.01238723
    SCEL8_4_1_2_0_1_2/2           1      0.75000000         -0.10253332                     0.00329315    -0.10396647                         0.00248155
    SCEL8_4_1_2_0_1_2/3           1      0.62500000         -0.09211766                     0.02373938    -0.09481135                         0.02201271
    SCEL8_4_1_2_0_1_2/4           1      0.75000000         -0.08631660                     0.01255985    -0.08544906                         0.01306292
    SCEL8_4_1_2_0_1_2/5           1      0.62500000         -0.08696874                     0.02690794    -0.08662266                         0.02705191
    SCEL8_4_1_2_0_1_2/6           1      0.50000000         -0.06201191                     0.06016298    -0.07482310                         0.05155291
    SCEL8_4_1_2_0_1_2/7           1      0.62500000         -0.08359522                     0.02898396    -0.08768664                         0.02639715
    SCEL8_4_1_2_0_1_2/8           1      0.62500000         -0.10130430                     0.01808606    -0.09741984                         0.02040749
    SCEL8_4_1_2_0_1_2/9           1      0.50000000         -0.06001771                     0.06149244    -0.06717377                         0.05665247
    SCEL8_4_1_2_0_1_2/10          1      0.50000000         -0.07245922                     0.05319810    -0.06920336                         0.05529941
    SCEL8_4_1_2_0_1_2/11          1      0.37500000         -0.03304008                     0.05960925    -0.04509477                         0.05063594
    SCEL8_4_1_2_0_1_2/12          1      0.62500000         -0.10675559                     0.01473142    -0.10296096                         0.01699757
    SCEL8_4_1_2_0_1_2/13          1      0.50000000         -0.06790495                     0.05623428    -0.06457284                         0.05838642
    SCEL8_4_1_2_0_1_2/14          1      0.50000000         -0.07413722                     0.05207944    -0.07664899                         0.05033565
    SCEL8_4_1_2_0_1_2/15          1      0.37500000         -0.03681878                     0.05686110    -0.04390707                         0.05149971
    SCEL8_4_1_2_0_1_2/16          1      0.37500000         -0.03768309                     0.05623251    -0.04994743                         0.04710672
    SCEL8_4_1_2_0_1_2/17          1      0.25000000         -0.01048845                     0.05380861    -0.01780748                         0.04758273
    SCEL8_4_1_2_0_1_2/18          1      0.50000000         -0.09250397                     0.03983494    -0.09446109                         0.03846092
    SCEL8_4_1_2_0_1_2/19          1      0.37500000         -0.01800907                     0.07054089    -0.02827521                         0.06286834
    SCEL8_4_1_2_0_1_2/20          1      0.37500000         -0.07083539                     0.03212175    -0.07650741                         0.02779038
    SCEL8_4_1_2_0_1_2/21          1      0.25000000         -0.00722323                     0.05642079    -0.01536851                         0.04953390
    SCEL8_4_1_2_0_1_2/22          1      0.25000000         -0.04113040                     0.02929505    -0.03988803                         0.02991828
    SCEL8_4_1_2_0_1_2/23          1      0.12500000         -0.00740560                     0.02797245    -0.00755116                         0.02805415
    SCEL8_4_2_1_0_0_2/0           1      0.87500000         -0.03678100                     0.01842907    -0.04132655                         0.01540291
    SCEL8_4_2_1_0_0_2/1           1      0.75000000         -0.06309529                     0.02582917    -0.05555606                         0.03014464
    SCEL8_4_2_1_0_0_2/2           1      0.62500000         -0.05735655                     0.04513083    -0.06368760                         0.04116579
    SCEL8_4_2_1_0_0_2/3           1      0.62500000         -0.06265069                     0.04187290    -0.06324786                         0.04143639
    SCEL8_4_2_1_0_0_2/4           1      0.62500000         -0.07631607                     0.03346343    -0.07640499                         0.03333970
    SCEL8_4_2_1_0_0_2/5           1      0.50000000         -0.04797130                     0.06952339    -0.05042307                         0.06781960
    SCEL8_4_2_1_0_0_2/6           1      0.37500000         -0.03198439                     0.06037702    -0.04274574                         0.05234432
    SCEL8_4_2_1_0_0_2/7           1      0.62500000         -0.05396037                     0.04722079    -0.05812638                         0.04458808
    SCEL8_4_2_1_0_0_2/8           1      0.37500000         -0.02741873                     0.06369750    -0.03527949                         0.05777432
    SCEL8_4_2_1_0_0_2/9           1      0.50000000         -0.05196274                     0.06686242    -0.08808083                         0.04271443
    SCEL8_4_2_1_0_0_2/10          1      0.37500000         -0.03410705                     0.05883327    -0.03951654                         0.05469283
    SCEL8_4_2_1_0_0_2/11          1      0.25000000         -0.01305839                     0.05175266    -0.00848373                         0.05504173
    SCEL8_4_2_1_0_0_2/12          1      0.12500000         -0.00361386                     0.03134289    -0.00096367                         0.03390970
    SCEL8_4_2_1_0_0_2/13          1      0.50000000         -0.04043564                     0.07454715    -0.04867921                         0.06898217
    SCEL8_4_2_1_0_0_2/14          1      0.50000000         -0.06090445                     0.06090128    -0.06635007                         0.05720160
    SCEL8_4_2_1_0_0_2/15          1      0.37500000         -0.02948772                     0.06219278    -0.02800928                         0.06306175
    SCEL8_4_2_1_1_2_0/0           1      0.87500000         -0.07133551                     0.00000000    -0.07020701                         0.00000000
    SCEL8_4_2_1_1_2_0/1           1      0.75000000         -0.04815660                     0.03436556    -0.06174152                         0.02661009
    SCEL8_4_2_1_1_2_0/2           1      0.62500000         -0.07576478                     0.03380269    -0.08978358                         0.02510673
    SCEL8_4_2_1_1_2_0/3           1      0.75000000         -0.10829633                     0.00000000    -0.10790660                         0.00023005
    SCEL8_4_2_1_1_2_0/4           1      0.62500000         -0.09001154                     0.02503545    -0.09301722                         0.02311679
    SCEL8_4_2_1_1_2_0/5           1      0.62500000         -0.04175448                     0.05473210    -0.04936864                         0.04997745
    SCEL8_4_2_1_1_2_0/6           1      0.50000000         -0.04928290                     0.06864899    -0.06486942                         0.05818870
    SCEL8_4_2_1_1_2_0/7           1      0.62500000         -0.09928524                     0.01932856    -0.09744079                         0.02039459
    SCEL8_4_2_1_1_2_0/8           1      0.37500000         -0.02675647                     0.06417914    -0.04361811                         0.05170987
    SCEL8_4_2_1_1_2_0/9           1      0.50000000         -0.05410341                     0.06543531    -0.07233665                         0.05321055
    SCEL8_4_2_1_1_2_0/10          1      0.37500000         -0.02382511                     0.06631104    -0.04056136                         0.05393296
    SCEL8_4_2_1_1_2_0/11          1      0.50000000         -0.05251337                     0.06649534    -0.06230579                         0.05989779
    SCEL8_4_2_1_1_2_0/12          1      0.37500000         -0.05390668                     0.04443354    -0.05552580                         0.04304973
    SCEL8_4_2_1_1_2_0/13          1      0.25000000         -0.03956613                     0.03054647    -0.03707881                         0.03216566
    SCEL8_4_2_1_1_2_0/14          1      0.37500000         -0.02001352                     0.06908311    -0.02135823                         0.06789887
    SCEL8_4_2_1_1_2_0/15          1      0.12500000         -0.00581313                     0.02938797    -0.00920815                         0.02658128
    SCEL8_4_2_1_1_2_0/16          1      0.50000000         -0.05099976                     0.06750441    -0.05888471                         0.06217850
    SCEL8_4_2_1_1_2_0/17          1      0.25000000         -0.00037664                     0.06189806    -0.00100417                         0.06102537
    SCEL8_4_2_1_1_3_1/0           1      0.87500000         -0.05497019                     0.00872817    -0.05305328                         0.00914865
    SCEL8_4_2_1_1_3_1/1           1      0.75000000         -0.09240085                     0.00908313    -0.09244851                         0.00906324
    SCEL8_4_2_1_1_3_1/2           1      0.75000000         -0.04228890                     0.03771853    -0.03839634                         0.03995020
    SCEL8_4_2_1_1_3_1/3           1      0.62500000         -0.08358165                     0.02899231    -0.08285813                         0.02936854
    SCEL8_4_2_1_1_3_1/4           1      0.62500000         -0.05636415                     0.04574154    -0.06672046                         0.03929941
    SCEL8_4_2_1_1_3_1/5           1      0.50000000         -0.05301198                     0.06616293    -0.05951312                         0.06175956
    SCEL8_4_2_1_1_3_1/6           1      0.62500000         -0.08199200                     0.02997055    -0.08462065                         0.02828391
    SCEL8_4_2_1_1_3_1/7           1      0.62500000         -0.02213884                     0.06680327    -0.02785325                         0.06321769
    SCEL8_4_2_1_1_3_1/8           1      0.50000000         -0.03601404                     0.07749489    -0.05463218                         0.06501352
    SCEL8_4_2_1_1_3_1/9           1      0.50000000         -0.03890077                     0.07557041    -0.05962996                         0.06168168
    SCEL8_4_2_1_1_3_1/10          1      0.37500000         -0.02213013                     0.06754376    -0.04170370                         0.05310217
    SCEL8_4_2_1_1_3_1/11          1      0.50000000         -0.07633991                     0.05061097    -0.07091806                         0.05415627
    SCEL8_4_2_1_1_3_1/12          1      0.37500000         -0.03657605                     0.05703763    -0.03685414                         0.05662912
    SCEL8_4_2_1_1_3_1/13          1      0.37500000         -0.01503242                     0.07270573    -0.03279516                         0.05958110
    SCEL8_4_2_1_1_3_1/14          1      0.25000000         -0.01319292                     0.05164503    -0.01248495                         0.05184075
    SCEL8_4_2_1_1_3_1/15          1      0.37500000         -0.04638536                     0.04990359    -0.05964453                         0.04005429
    SCEL8_4_2_1_1_3_1/16          1      0.25000000         -0.04164957                     0.02887971    -0.04204954                         0.02818908
    SCEL8_4_2_1_1_3_1/17          1      0.12500000         -0.01668630                     0.01972294    -0.01068281                         0.02527047
    SCEL8_4_2_1_1_3_2/0           1      0.87500000         -0.03075906                     0.02164077    -0.02950575                         0.02170734
    SCEL8_4_2_1_1_3_2/1           1      0.75000000         -0.05631716                     0.02970238    -0.05784787                         0.02883503
    SCEL8_4_2_1_1_3_2/2           1      0.62500000         -0.04944452                     0.04999977    -0.06288335                         0.04166071
    SCEL8_4_2_1_1_3_2/3           1      0.62500000         -0.01878846                     0.06886504    -0.02001528                         0.06804106
    SCEL8_4_2_1_1_3_2/4           1      0.62500000         -0.01830864                     0.06916031    -0.01328966                         0.07217991
    SCEL8_4_2_1_1_3_2/5           1      0.50000000         -0.05183783                     0.06694569    -0.04809339                         0.06937272
    SCEL8_4_2_1_1_3_2/6           1      0.37500000         -0.03860423                     0.05556259    -0.02730139                         0.06357657
    SCEL8_4_2_1_1_3_2/7           1      0.62500000         -0.08672499                     0.02705794    -0.09146052                         0.02407476
    SCEL8_4_2_1_1_3_2/8           1      0.37500000         -0.05539967                     0.04334773    -0.05109234                         0.04627406
    SCEL8_4_2_1_1_3_2/9           1      0.50000000         -0.01374220                     0.09234279    -0.01730227                         0.08990013
    SCEL8_4_2_1_1_3_2/10          1      0.37500000         -0.04564070                     0.05044516    -0.05302986                         0.04486496
    SCEL8_4_2_1_1_3_2/11          1      0.25000000         -0.05223382                     0.02041231    -0.05342641                         0.01908758
    SCEL8_4_2_1_1_3_2/12          1      0.12500000         -0.03648095                     0.00212769    -0.03725860                         0.00164754
    SCEL8_4_2_1_1_3_2/13          1      0.50000000         -0.07838439                     0.04924799    -0.07731148                         0.04989399
    SCEL8_4_2_1_1_3_2/14          1      0.50000000         -0.05343893                     0.06587829    -0.06304329                         0.05940612
    SCEL8_4_2_1_1_3_2/15          1      0.37500000         -0.09026231                     0.01799308    -0.09012145                         0.01788925
    SCEL8_8_1_1_0_0_3/0           1      0.87500000         -0.03594683                     0.01887396    -0.04203640                         0.01502432
    SCEL8_8_1_1_0_0_3/1           1      0.75000000         -0.05637874                     0.02966720    -0.05005702                         0.03328695
    SCEL8_8_1_1_0_0_3/2           1      0.75000000         -0.08941188                     0.01079112    -0.08746503                         0.01191094
    SCEL8_8_1_1_0_0_3/3           1      0.62500000         -0.05623644                     0.04582013    -0.05562259                         0.04612887
    SCEL8_8_1_1_0_0_3/4           1      0.62500000         -0.08097665                     0.03059538    -0.08099926                         0.03051246
    SCEL8_8_1_1_0_0_3/5           1      0.50000000         -0.05338680                     0.06591305    -0.06300604                         0.05943095
    SCEL8_8_1_1_0_0_3/6           1      0.62500000         -0.05339640                     0.04756785    -0.05191748                         0.04840894
    SCEL8_8_1_1_0_0_3/7           1      0.62500000         -0.06316181                     0.04155836    -0.07393029                         0.03486260
    SCEL8_8_1_1_0_0_3/8           1      0.50000000         -0.04734494                     0.06994095    -0.04797784                         0.06944975
    SCEL8_8_1_1_0_0_3/9           1      0.50000000         -0.06117804                     0.06071889    -0.06707652                         0.05671730
    SCEL8_8_1_1_0_0_3/10          1      0.37500000         -0.03587831                     0.05754508    -0.03484959                         0.05808697
    SCEL8_8_1_1_0_0_3/11          1      0.50000000         -0.04008690                     0.07477965    -0.04306230                         0.07272678
    SCEL8_8_1_1_0_0_3/12          1      0.37500000         -0.02552330                     0.06507600    -0.03621205                         0.05709609
    SCEL8_8_1_1_0_0_3/13          1      0.37500000         -0.03286825                     0.05973422    -0.03177295                         0.06032453
    SCEL8_8_1_1_0_0_3/14          1      0.25000000         -0.01379804                     0.05116094    -0.00909231                         0.05455486
    SCEL8_8_1_1_0_0_3/15          1      0.37500000         -0.02627725                     0.06452767    -0.02215183                         0.06732170
    SCEL8_8_1_1_0_0_3/16          1      0.25000000         -0.02105582                     0.04535472    -0.01486641                         0.04993558
    SCEL8_8_1_1_0_0_3/17          1      0.12500000         -0.00438037                     0.03066154    0.00219141                          0.03671422
    SCEL8_8_1_1_0_0_5/0           1      0.87500000         -0.03043683                     0.02181263    -0.03603613                         0.01822447
    SCEL8_8_1_1_0_0_5/1           1      0.75000000         -0.05410015                     0.03096925    -0.04724462                         0.03489403
    SCEL8_8_1_1_0_0_5/2           1      0.75000000         -0.05977497                     0.02772649    -0.06351632                         0.02559592
    SCEL8_8_1_1_0_0_5/3           1      0.62500000         -0.02853539                     0.06286693    -0.03173677                         0.06082784
    SCEL8_8_1_1_0_0_5/4           1      0.62500000         -0.07990173                     0.03125687    -0.07236948                         0.03582309
    SCEL8_8_1_1_0_0_5/5           1      0.50000000         -0.03122195                     0.08068961    -0.03107540                         0.08071804
    SCEL8_8_1_1_0_0_5/6           1      0.62500000         -0.05341137                     0.04755863    -0.06083895                         0.04291881
    SCEL8_8_1_1_0_0_5/7           1      0.62500000         -0.06791165                     0.03863538    -0.06802459                         0.03849687
    SCEL8_8_1_1_0_0_5/8           1      0.50000000         -0.04129185                     0.07397635    -0.05162673                         0.06701716
    SCEL8_8_1_1_0_0_5/9           1      0.50000000         -0.05810174                     0.06276975    -0.10019110                         0.03464092
    SCEL8_8_1_1_0_0_5/10          1      0.37500000         -0.02218325                     0.06750512    -0.04676097                         0.04942415
    SCEL8_8_1_1_0_0_5/11          1      0.50000000         -0.01395508                     0.09220086    -0.01844198                         0.08914033
    SCEL8_8_1_1_0_0_5/12          1      0.37500000         -0.00839057                     0.07753616    -0.00564456                         0.07932699
    SCEL8_8_1_1_0_0_5/13          1      0.37500000         -0.02769005                     0.06350018    -0.04865360                         0.04804770
    SCEL8_8_1_1_0_0_5/14          1      0.25000000         -0.00136235                     0.06110949    -0.01658122                         0.04856374
    SCEL8_8_1_1_0_0_5/15          1      0.37500000         -0.01782726                     0.07067312    -0.03019561                         0.06147168
    SCEL8_8_1_1_0_0_5/16          1      0.25000000         -0.00496742                     0.05822543    -0.00720928                         0.05606128
    SCEL8_8_1_1_0_0_5/17          1      0.12500000         -0.00001722                     0.03453990    -0.00332567                         0.03181015
    SCEL8_8_1_1_0_0_6/0           1      0.87500000         -0.05881718                     0.00667644    -0.05482889                         0.00820166
    SCEL8_8_1_1_0_0_6/1           1      0.75000000         -0.05317446                     0.03149821    -0.04934780                         0.03369222
    SCEL8_8_1_1_0_0_6/2           1      0.75000000         -0.05634875                     0.02968433    -0.07121964                         0.02119402
    SCEL8_8_1_1_0_0_6/3           1      0.62500000         -0.03005400                     0.06193240    -0.03557210                         0.05846764
    SCEL8_8_1_1_0_0_6/4           1      0.75000000         -0.08397616                     0.01389724    -0.08771021                         0.01177084
    SCEL8_8_1_1_0_0_6/5           1      0.62500000         -0.05944894                     0.04384321    -0.05682603                         0.04538830
    SCEL8_8_1_1_0_0_6/6           1      0.50000000         -0.02658248                     0.08378260    -0.01688242                         0.09018003
    SCEL8_8_1_1_0_0_6/7           1      0.62500000         -0.08737419                     0.02665844    -0.08634316                         0.02722391
    SCEL8_8_1_1_0_0_6/8           1      0.62500000         -0.08593544                     0.02754382    -0.08104178                         0.03048629
    SCEL8_8_1_1_0_0_6/9           1      0.50000000         -0.05483212                     0.06494950    -0.04709083                         0.07004109
    SCEL8_8_1_1_0_0_6/10          1      0.50000000         -0.06603073                     0.05748376    -0.06410231                         0.05870011
    SCEL8_8_1_1_0_0_6/11          1      0.37500000         -0.02618075                     0.06459785    -0.02484947                         0.06535978
    SCEL8_8_1_1_0_0_6/12          1      0.62500000         -0.10591483                     0.01524881    -0.10563475                         0.01535215
    SCEL8_8_1_1_0_0_6/13          1      0.50000000         -0.06083748                     0.06094593    -0.06242512                         0.05981823
    SCEL8_8_1_1_0_0_6/14          1      0.50000000         -0.07104643                     0.05413997    -0.06803162                         0.05608057
    SCEL8_8_1_1_0_0_6/15          1      0.37500000         -0.03951722                     0.05489860    -0.02942473                         0.06203233
    SCEL8_8_1_1_0_0_6/16          1      0.37500000         -0.03308824                     0.05957422    -0.05047793                         0.04672091
    SCEL8_8_1_1_0_0_6/17          1      0.25000000         -0.01738335                     0.04829269    -0.02286834                         0.04353404
    SCEL8_8_1_1_0_0_6/18          1      0.50000000         -0.08489014                     0.04491082    -0.08270305                         0.04629961
    SCEL8_8_1_1_0_0_6/19          1      0.37500000         -0.02976081                     0.06199417    -0.02198682                         0.06744172
    SCEL8_8_1_1_0_0_6/20          1      0.37500000         -0.05676760                     0.04235287    -0.06490916                         0.03622547
    SCEL8_8_1_1_0_0_6/21          1      0.25000000         -0.02138806                     0.04508893    -0.00654896                         0.05658954
    SCEL8_8_1_1_0_0_6/22          1      0.25000000         -0.02325932                     0.04359191    -0.03122778                         0.03684649
    SCEL8_8_1_1_0_0_6/23          1      0.12500000         -0.00679732                     0.02851314    -0.00783141                         0.02780504
    SCEL8_8_1_1_0_0_7/0           1      0.87500000         -0.03306582                     0.02041050    -0.03139143                         0.02070164
    SCEL8_8_1_1_0_0_7/1           1      0.75000000         -0.01602345                     0.05272736    -0.02350491                         0.04845958
    SCEL8_8_1_1_0_0_7/2           1      0.75000000         -0.03815319                     0.04008179    -0.03849632                         0.03989306
    SCEL8_8_1_1_0_0_7/3           1      0.62500000         -0.02228039                     0.06671616    -0.02307812                         0.06615624
    SCEL8_8_1_1_0_0_7/4           1      0.75000000         -0.06740759                     0.02336500    -0.06149406                         0.02675150
    SCEL8_8_1_1_0_0_7/5           1      0.62500000         -0.02262699                     0.06650287    -0.03190110                         0.06072671
    SCEL8_8_1_1_0_0_7/6           1      0.50000000         -0.01957906                     0.08845154    -0.01998635                         0.08811075
    SCEL8_8_1_1_0_0_7/7           1      0.62500000         -0.03118646                     0.06123550    -0.05294547                         0.04777633
    SCEL8_8_1_1_0_0_7/8           1      0.62500000         -0.02486200                     0.06512747    -0.04788841                         0.05088836
    SCEL8_8_1_1_0_0_7/9           1      0.50000000         -0.01884416                     0.08894147    -0.03400214                         0.07876689
    SCEL8_8_1_1_0_0_7/10          1      0.50000000         -0.00810879                     0.09609839    -0.02488444                         0.08484535
    SCEL8_8_1_1_0_0_7/11          1      0.37500000         -0.00505550                     0.07996167    -0.01966305                         0.06913173
    SCEL8_8_1_1_0_0_7/12          1      0.62500000         -0.06840962                     0.03832894    -0.06722401                         0.03898954
    SCEL8_8_1_1_0_0_7/13          1      0.50000000         -0.04801412                     0.06949483    -0.05138437                         0.06717873
    SCEL8_8_1_1_0_0_7/14          1      0.50000000         -0.03515347                     0.07806860    -0.04015889                         0.07466239
    SCEL8_8_1_1_0_0_7/15          1      0.37500000         -0.03050070                     0.06145607    -0.02977606                         0.06177681
    SCEL8_8_1_1_0_0_7/16          1      0.37500000         -0.02548332                     0.06510507    -0.02609182                         0.06445626
    SCEL8_8_1_1_0_0_7/17          1      0.25000000         -0.02154677                     0.04496195    -0.01844608                         0.04707185
    SCEL8_8_1_1_0_0_7/18          1      0.50000000         -0.02950600                     0.08183359    -0.03892234                         0.07548675
    SCEL8_8_1_1_0_0_7/19          1      0.37500000         -0.02336396                     0.06664642    -0.02693329                         0.06384428
    SCEL8_8_1_1_0_0_7/20          1      0.37500000         -0.00542147                     0.07969551    -0.01338915                         0.07369457
    SCEL8_8_1_1_0_0_7/21          1      0.25000000         -0.01132908                     0.05313611    -0.01412613                         0.05052781
    SCEL8_8_1_1_0_0_7/22          1      0.25000000         -0.00492644                     0.05825822    -0.00601544                         0.05701636
    SCEL8_8_1_1_0_0_7/23          1      0.12500000         -0.00360114                     0.03135419    -0.00456871                         0.03070522
    SCEL8_8_1_1_0_1_0/0           1      0.87500000         -0.03853707                     0.01749250    -0.03819009                         0.01707569
    SCEL8_8_1_1_0_1_0/1           1      0.75000000         -0.03787641                     0.04023995    -0.04053425                         0.03872853
    SCEL8_8_1_1_0_1_0/2           1      0.75000000         -0.04002867                     0.03901009    -0.03643113                         0.04107317
    SCEL8_8_1_1_0_1_0/3           1      0.62500000         -0.02963931                     0.06218759    -0.04225773                         0.05435340
    SCEL8_8_1_1_0_1_0/4           1      0.75000000         -0.08252580                     0.01472602    -0.08381912                         0.01399432
    SCEL8_8_1_1_0_1_0/5           1      0.62500000         -0.04428546                     0.05317457    -0.04563380                         0.05227582
    SCEL8_8_1_1_0_1_0/6           1      0.50000000         -0.03181341                     0.08029531    -0.03963214                         0.07501356
    SCEL8_8_1_1_0_1_0/7           1      0.62500000         -0.06610179                     0.03974914    -0.06820639                         0.03838500
    SCEL8_8_1_1_0_1_0/8           1      0.62500000         -0.05140241                     0.04879491    -0.03894463                         0.05639223
    SCEL8_8_1_1_0_1_0/9           1      0.50000000         -0.03248699                     0.07984625    -0.03643748                         0.07714333
    SCEL8_8_1_1_0_1_0/10          1      0.50000000         -0.04008856                     0.07477854    -0.04999363                         0.06810590
    SCEL8_8_1_1_0_1_0/11          1      0.37500000         -0.01134540                     0.07538719    -0.02730558                         0.06357352
    SCEL8_8_1_1_0_1_0/12          1      0.62500000         -0.08297805                     0.02936375    -0.09453762                         0.02218116
    SCEL8_8_1_1_0_1_0/13          1      0.50000000         -0.05917327                     0.06205541    -0.07911032                         0.04869477
    SCEL8_8_1_1_0_1_0/14          1      0.50000000         -0.05978997                     0.06164427    -0.05732776                         0.06321648
    SCEL8_8_1_1_0_1_0/15          1      0.37500000         -0.05088455                     0.04663145    -0.04811702                         0.04843794
    SCEL8_8_1_1_0_1_0/16          1      0.37500000         -0.03923830                     0.05510145    -0.04668077                         0.04948248
    SCEL8_8_1_1_0_1_0/17          1      0.25000000         -0.02460954                     0.04251174    -0.02598715                         0.04103899
    SCEL8_8_1_1_0_1_0/18          1      0.50000000         -0.06307382                     0.05945504    -0.06833546                         0.05587800
    SCEL8_8_1_1_0_1_0/19          1      0.37500000         -0.02525640                     0.06527010    -0.03357141                         0.05901656
    SCEL8_8_1_1_0_1_0/20          1      0.37500000         -0.05452291                     0.04398537    -0.05622281                         0.04254281
    SCEL8_8_1_1_0_1_0/21          1      0.25000000         -0.02460277                     0.04251715    -0.02635509                         0.04074464
    SCEL8_8_1_1_0_1_0/22          1      0.25000000         -0.04735176                     0.02431796    -0.04590935                         0.02510123
    SCEL8_8_1_1_0_1_0/23          1      0.12500000         -0.01806878                     0.01849407    -0.01925486                         0.01765086
    SCEL8_8_1_1_0_4_3/0           1      0.87500000         -0.02732269                     0.02347350    -0.02582387                         0.02367101
    SCEL8_8_1_1_0_4_3/1           1      0.75000000         -0.04970039                     0.03348340    -0.05248599                         0.03189896
    SCEL8_8_1_1_0_4_3/2           1      0.75000000         -0.00765481                     0.05750944    0.00379114                          0.06405732
    SCEL8_8_1_1_0_4_3/3           1      0.62500000         -0.04807710                     0.05084126    -0.04228227                         0.05433830
    SCEL8_8_1_1_0_4_3/4           1      0.62500000         -0.03553172                     0.05856149    -0.04200434                         0.05450933
    SCEL8_8_1_1_0_4_3/5           1      0.50000000         -0.06300308                     0.05950220    -0.06628187                         0.05724707
    SCEL8_8_1_1_0_4_3/6           1      0.62500000         -0.04341632                     0.05370943    -0.06120335                         0.04269456
    SCEL8_8_1_1_0_4_3/7           1      0.62500000         -0.01365317                     0.07202521    -0.01314349                         0.07226985
    SCEL8_8_1_1_0_4_3/8           1      0.50000000         -0.04647536                     0.07052068    -0.04154349                         0.07373932
    SCEL8_8_1_1_0_4_3/9           1      0.50000000         -0.03033165                     0.08128315    -0.03263600                         0.07967765
    SCEL8_8_1_1_0_4_3/10          1      0.37500000         -0.05176956                     0.04598781    -0.05417573                         0.04403160
    SCEL8_8_1_1_0_4_3/11          1      0.50000000         -0.04494072                     0.07154377    -0.04887796                         0.06884968
    SCEL8_8_1_1_0_4_3/12          1      0.37500000         -0.06919739                     0.03331302    -0.07013975                         0.03242140
    SCEL8_8_1_1_0_4_3/13          1      0.37500000         -0.03651522                     0.05708187    -0.02243149                         0.06711832
    SCEL8_8_1_1_0_4_3/14          1      0.25000000         -0.04997847                     0.02221659    -0.04568850                         0.02527791
    SCEL8_8_1_1_0_4_3/15          1      0.37500000         -0.05441505                     0.04406381    -0.05141423                         0.04603997
    SCEL8_8_1_1_0_4_3/16          1      0.25000000         -0.06719520                     0.00844321    -0.06645396                         0.00866554
    SCEL8_8_1_1_0_4_3/17          1      0.12500000         -0.03318836                     0.00505444    -0.03439059                         0.00419689
    SCEL8_8_1_1_0_5_2/0           1      0.87500000         -0.04971455                     0.01153118    -0.05285096                         0.00925656
    SCEL8_8_1_1_0_5_2/1           1      0.75000000         -0.07462497                     0.01924078    -0.07156065                         0.02099916
    SCEL8_8_1_1_0_5_2/2           1      0.75000000         -0.08000258                     0.01616786    -0.07564238                         0.01866674
    SCEL8_8_1_1_0_5_2/3           1      0.62500000         -0.05675456                     0.04550128    -0.06451171                         0.04065864
    SCEL8_8_1_1_0_5_2/4           1      0.75000000         -0.10377156                     0.00258558    -0.10374845                         0.00260613
    SCEL8_8_1_1_0_5_2/5           1      0.62500000         -0.09814148                     0.02003241    -0.09034906                         0.02475874
    SCEL8_8_1_1_0_5_2/6           1      0.50000000         -0.04461945                     0.07175795    -0.06396990                         0.05878838
    SCEL8_8_1_1_0_5_2/8           1      0.62500000         -0.03346549                     0.05983302    -0.04432351                         0.05308215
    SCEL8_8_1_1_0_5_2/9           1      0.50000000         -0.04876361                     0.06899518    -0.04954707                         0.06840360
    SCEL8_8_1_1_0_5_2/10          1      0.50000000         -0.10388932                     0.03224470    -0.10242286                         0.03315308
    SCEL8_8_1_1_0_5_2/11          1      0.37500000         -0.03415869                     0.05879571    -0.04514506                         0.05059936
    SCEL8_8_1_1_0_5_2/12          1      0.62500000         -0.12355070                     0.00439597    -0.12336967                         0.00443836
    SCEL8_8_1_1_0_5_2/13          1      0.50000000         -0.07971580                     0.04836038    -0.09790840                         0.03616272
    SCEL8_8_1_1_0_5_2/14          1      0.50000000         -0.07986446                     0.04826127    -0.07402937                         0.05208207
    SCEL8_8_1_1_0_5_2/15          1      0.37500000         -0.04595291                     0.05021810    -0.05311326                         0.04480431
    SCEL8_8_1_1_0_5_2/16          1      0.37500000         -0.09051272                     0.01781096    -0.09450807                         0.01469899
    SCEL8_8_1_1_0_5_2/17          1      0.25000000         -0.03964940                     0.03047985    -0.04052823                         0.02940613
    SCEL8_8_1_1_0_5_2/18          1      0.50000000         -0.10360926                     0.03243141    -0.11166101                         0.02699431
    SCEL8_8_1_1_0_5_2/19          1      0.37500000         -0.05466114                     0.04388484    -0.04415879                         0.05131665
    SCEL8_8_1_1_0_5_2/20          1      0.37500000         -0.07666339                     0.02788320    -0.07729363                         0.02721858
    SCEL8_8_1_1_0_5_2/21          1      0.25000000         -0.03576738                     0.03358547    -0.03533757                         0.03355866
    SCEL8_8_1_1_0_5_2/22          1      0.25000000         -0.05081061                     0.02155089    -0.04600665                         0.02502339
    SCEL8_8_1_1_0_5_2/23          1      0.12500000         -0.02659975                     0.01091098    -0.02354612                         0.01383642
