#                  name    selected         comp(a)    formation_energy    hull_dist(MASTER,atom_frac)        clex()    clex_hull_dist(MASTER,atom_frac)
    SCEL1_1_1_1_0_0_0/0           1      1.00000000         -0.00000000                     0.00000000    0.00348954                          0.00000000
    SCEL1_1_1_1_0_0_0/1           1      0.00000000         0.00000000                      0.00000000    -0.00765293                         0.00000000
    SCEL2_2_1_1_0_0_1/0           1      0.50000000         -0.03362458                     0.07908787    -0.03082221                         0.08127529
    SCEL2_2_1_1_0_1_1/0           1      0.50000000         -0.05306719                     0.06612613    -0.05115941                         0.06771716
    SCEL3_3_1_1_0_0_2/0           1      0.66666667         -0.07657772                     0.02815741    -0.08002243                         0.02619842
    SCEL3_3_1_1_0_0_2/1           1      0.33333333         -0.00247946                     0.07507910    0.00310295                          0.08060802
    SCEL3_3_1_1_0_2_1/0           1      0.66666667         -0.11653362                     0.00418387    -0.11788865                         0.00347869
    SCEL3_3_1_1_0_2_1/1           1      0.33333333         -0.07168021                     0.02317854    -0.06877495                         0.02669959
    SCEL3_3_1_1_0_2_2/0           1      0.66666667         0.00297396                      0.07588842    0.00114247                          0.07489736
    SCEL3_3_1_1_0_2_2/1           1      0.33333333         -0.01113396                     0.06858823    -0.01278147                         0.06869471
    SCEL4_2_2_1_0_1_0/0           1      0.75000000         -0.09173820                     0.00946179    -0.09369239                         0.00883985
    SCEL4_2_2_1_0_1_0/1           1      0.25000000         -0.02685051                     0.04071896    -0.02470871                         0.04438826
    SCEL4_2_2_1_1_1_0/0           1      0.75000000         0.03072950                      0.07944333    0.02317645                          0.07562204
    SCEL4_2_2_1_1_1_0/1           1      0.25000000         -0.06100486                     0.01339548    -0.05989513                         0.01623913
    SCEL4_4_1_1_0_0_0/0           1      0.75000000         -0.04503584                     0.03614885    -0.03359229                         0.04318276
    SCEL4_4_1_1_0_0_0/1           1      0.50000000         0.00084257                      0.10206597    -0.00066600                         0.10137943
    SCEL4_4_1_1_0_0_0/2           1      0.25000000         -0.00705429                     0.05655594    -0.00615117                         0.05923430
    SCEL4_4_1_1_0_0_2/0           1      0.75000000         -0.10660828                     0.00096460    -0.10916212                         0.00000000
    SCEL4_4_1_1_0_0_2/1           1      0.50000000         -0.06309656                     0.05943987    -0.06196018                         0.06051665
    SCEL4_4_1_1_0_0_2/2           1      0.25000000         -0.01161094                     0.05291062    -0.01076456                         0.05554359
    SCEL4_4_1_1_0_0_3/0           1      0.75000000         -0.02977428                     0.04486974    -0.03863170                         0.04030310
    SCEL4_4_1_1_0_0_3/1           1      0.50000000         -0.03937695                     0.07525295    -0.03576168                         0.07798231
    SCEL4_4_1_1_0_0_3/2           1      0.25000000         -0.01638868                     0.04908843    -0.02122771                         0.04717306
    SCEL4_4_1_1_0_1_0/0           1      0.75000000         -0.06269318                     0.02605895    -0.06577079                         0.02479505
    SCEL4_4_1_1_0_1_0/1           1      0.50000000         -0.04704055                     0.07014388    -0.05636119                         0.06424930
    SCEL4_4_1_1_0_1_0/2           1      0.25000000         -0.01975622                     0.04639440    -0.02141697                         0.04702165
    SCEL4_4_1_1_0_2_1/0           1      0.75000000         -0.05610181                     0.02982544    -0.05622577                         0.03024934
    SCEL4_4_1_1_0_2_1/1           1      0.50000000         -0.15225637                     0.00000000    -0.15273515                         0.00000000
    SCEL4_4_1_1_0_2_1/2           1      0.25000000         -0.07774921                     0.00000000    -0.07913522                         0.00084706
    SCEL5_1_1_5_0_0_0/0           1      0.80000000         -0.01392118                     0.04578569    -0.02091774                         0.04225502
    SCEL5_1_1_5_0_0_0/1           1      0.60000000         -0.01006549                     0.07808819    -0.01421806                         0.07567992
    SCEL5_1_1_5_0_0_0/2           1      0.60000000         -0.02458047                     0.06901632    -0.02290437                         0.07025098
    SCEL5_1_1_5_0_0_0/3           1      0.40000000         -0.02586996                     0.06898825    -0.02759902                         0.06865691
    SCEL5_1_1_5_0_0_0/4           1      0.40000000         0.00552708                      0.09141470    0.00740289                          0.09365828
    SCEL5_1_1_5_0_0_0/5           1      0.20000000         -0.00723104                     0.04580694    -0.00621993                         0.04955491
    SCEL5_5_1_1_0_0_3/0           1      0.80000000         -0.06582601                     0.01694968    -0.07545462                         0.01195676
    SCEL5_5_1_1_0_0_3/1           1      0.60000000         -0.10341008                     0.01974782    -0.09787735                         0.02339286
    SCEL5_5_1_1_0_0_3/2           1      0.60000000         -0.06946094                     0.04096603    -0.06499587                         0.04394379
    SCEL5_5_1_1_0_0_3/3           1      0.40000000         -0.04905737                     0.05242581    -0.05435927                         0.04954245
    SCEL5_5_1_1_0_0_3/4           1      0.40000000         -0.01835377                     0.07435695    -0.02936805                         0.06739332
    SCEL5_5_1_1_0_0_3/5           1      0.20000000         -0.00070143                     0.05124828    0.00146279                          0.05595717
    SCEL5_5_1_1_0_0_4/0           1      0.80000000         -0.05730478                     0.02168370    -0.04272043                         0.03014242
    SCEL5_5_1_1_0_0_4/1           1      0.60000000         -0.06313958                     0.04491688    -0.06577604                         0.04345618
    SCEL5_5_1_1_0_0_4/2           1      0.60000000         -0.00780675                     0.07949990    -0.01967377                         0.07227010
    SCEL5_5_1_1_0_0_4/3           1      0.40000000         -0.00653565                     0.08279847    -0.00909768                         0.08187216
    SCEL5_5_1_1_0_0_4/4           1      0.40000000         -0.03432986                     0.06294547    -0.03849623                         0.06087319
    SCEL5_5_1_1_0_0_4/5           1      0.20000000         -0.00608567                     0.04676142    -0.00709302                         0.04882733
    SCEL5_5_1_1_0_1_3/0           1      0.80000000         -0.08686661                     0.00526046    -0.09235579                         0.00256722
    SCEL5_5_1_1_0_1_3/1           1      0.60000000         -0.12077771                     0.00889305    -0.11854157                         0.01047773
    SCEL5_5_1_1_0_1_3/2           1      0.40000000         -0.08110683                     0.02953334    -0.08620477                         0.02679566
    SCEL5_5_1_1_0_1_3/3           1      0.20000000         -0.03249201                     0.02475613    -0.02991068                         0.02981261
    SCEL5_5_1_1_0_4_3/0           1      0.80000000         -0.05605169                     0.02237986    -0.05294595                         0.02446157
    SCEL5_5_1_1_0_4_3/1           1      0.60000000         -0.06562321                     0.04336461    -0.06603902                         0.04329182
    SCEL5_5_1_1_0_4_3/2           1      0.60000000         -0.02911021                     0.06618524    -0.03097811                         0.06520489
    SCEL5_5_1_1_0_4_3/3           1      0.40000000         -0.04373994                     0.05622398    -0.04693040                         0.05484879
    SCEL5_5_1_1_0_4_3/4           1      0.40000000         -0.02287384                     0.07112834    -0.03203093                         0.06549127
    SCEL5_5_1_1_0_4_3/5           1      0.20000000         -0.04059812                     0.01800104    -0.03711864                         0.02380598
    SCEL6_2_3_1_0_1_0/0           1      0.83333333         -0.05572074                     0.01780405    -0.05894785                         0.01631202
    SCEL6_2_3_1_0_1_0/1           1      0.66666667         -0.08997613                     0.02011836    -0.08855266                         0.02108028
    SCEL6_2_3_1_0_1_0/2           1      0.66666667         -0.07440507                     0.02946100    -0.06947264                         0.03252829
    SCEL6_2_3_1_0_1_0/3           1      0.50000000         -0.05785490                     0.06293431    -0.05622098                         0.06434278
    SCEL6_2_3_1_0_1_0/4           1      0.50000000         -0.03580498                     0.07763426    -0.03421673                         0.07901228
    SCEL6_2_3_1_0_1_0/5           1      0.33333333         -0.01423816                     0.06626008    -0.01434242                         0.06752399
    SCEL6_2_3_1_0_1_0/6           1      0.33333333         -0.01564454                     0.06520529    -0.01673648                         0.06572844
    SCEL6_2_3_1_0_1_0/7           1      0.16666667         -0.00566128                     0.03957559    -0.00174125                         0.04651922
    SCEL6_3_1_2_0_0_0/0           1      0.83333333         -0.06066747                     0.01510583    -0.06356982                         0.01379094
    SCEL6_3_1_2_0_0_0/1           1      0.66666667         -0.07961534                     0.02633484    -0.07560921                         0.02884635
    SCEL6_3_1_2_0_0_0/2           1      0.66666667         -0.09001954                     0.02009232    -0.08766694                         0.02161171
    SCEL6_3_1_2_0_0_0/3           1      0.50000000         -0.04967265                     0.06838915    -0.04976032                         0.06864988
    SCEL6_3_1_2_0_0_0/4           1      0.50000000         -0.03585752                     0.07759924    -0.03273569                         0.07999964
    SCEL6_3_1_2_0_0_0/5           1      0.33333333         -0.01026682                     0.06923859    -0.01150720                         0.06965040
    SCEL6_3_1_2_0_0_0/6           1      0.33333333         -0.01909682                     0.06261608    -0.01701971                         0.06551602
    SCEL6_3_1_2_0_0_0/7           1      0.16666667         -0.01254755                     0.03367308    -0.00246180                         0.04590160
    SCEL6_3_1_2_0_0_2/0           1      0.83333333         -0.04221295                     0.02517194    -0.05487154                         0.01853546
    SCEL6_3_1_2_0_0_2/1           1      0.66666667         -0.05663071                     0.04012562    -0.04974237                         0.04436645
    SCEL6_3_1_2_0_0_2/2           1      0.66666667         -0.08408574                     0.02365260    -0.07720003                         0.02789186
    SCEL6_3_1_2_0_0_2/3           1      0.50000000         -0.05318474                     0.06604775    -0.05531236                         0.06494853
    SCEL6_3_1_2_0_0_2/4           1      0.50000000         -0.04134694                     0.07393962    -0.04583923                         0.07126395
    SCEL6_3_1_2_0_0_2/5           1      0.33333333         -0.02665309                     0.05694888    -0.02628111                         0.05856997
    SCEL6_3_1_2_0_0_2/6           1      0.33333333         -0.02523045                     0.05801586    -0.02616704                         0.05865553
    SCEL6_3_1_2_0_0_2/7           1      0.16666667         -0.00152156                     0.04312393    0.00037131                          0.04832998
    SCEL6_3_1_2_0_2_2/0           1      0.83333333         -0.06259625                     0.01405377    -0.06478779                         0.01312660
    SCEL6_3_1_2_0_2_2/1           1      0.66666667         -0.04446676                     0.04742399    -0.04472760                         0.04737532
    SCEL6_3_1_2_0_2_2/2           1      0.66666667         -0.09563860                     0.01672089    -0.09470753                         0.01738736
    SCEL6_3_1_2_0_2_2/3           1      0.50000000         -0.03837497                     0.07592093    -0.03943806                         0.07553139
    SCEL6_3_1_2_0_2_2/4           1      0.50000000         -0.07898684                     0.04884635    -0.07458680                         0.05209890
    SCEL6_3_1_2_0_2_2/5           1      0.33333333         -0.01837388                     0.06315829    -0.02158050                         0.06209543
    SCEL6_3_1_2_0_2_2/6           1      0.33333333         -0.02510181                     0.05811234    -0.02355788                         0.06061240
    SCEL6_3_1_2_0_2_2/7           1      0.16666667         -0.00970678                     0.03610802    -0.00814661                         0.04102891
    SCEL6_3_2_1_0_1_2/0           1      0.83333333         -0.08836150                     0.00000000    -0.08885322                         0.00000000
    SCEL6_3_2_1_0_1_2/1           1      0.66666667         -0.10662722                     0.01012771    -0.10681704                         0.01012165
    SCEL6_3_2_1_0_1_2/2           1      0.66666667         -0.11362864                     0.00592686    -0.11527874                         0.00504463
    SCEL6_3_2_1_0_1_2/3           1      0.50000000         -0.11194141                     0.02687664    -0.11245658                         0.02685238
    SCEL6_3_2_1_0_1_2/4           1      0.50000000         -0.08618723                     0.04404609    -0.08354291                         0.04612816
    SCEL6_3_2_1_0_1_2/5           1      0.33333333         -0.05118288                     0.03855154    -0.06161525                         0.03206937
    SCEL6_3_2_1_0_1_2/6           1      0.33333333         -0.00298822                     0.07469754    -0.01366434                         0.06803255
    SCEL6_3_2_1_0_1_2/7           1      0.16666667         -0.01031733                     0.03558470    -0.00595231                         0.04290973
    SCEL6_6_1_1_0_0_5/0           1      0.83333333         -0.03722839                     0.02789079    -0.03378084                         0.03003948
    SCEL6_6_1_1_0_0_5/1           1      0.66666667         -0.02054592                     0.06177649    -0.02376486                         0.05995296
    SCEL6_6_1_1_0_0_5/2           1      0.66666667         -0.02407328                     0.05966008    -0.03808078                         0.05136341
    SCEL6_6_1_1_0_0_5/3           1      0.50000000         -0.01268788                     0.09304566    -0.02215804                         0.08705141
    SCEL6_6_1_1_0_0_5/4           1      0.50000000         -0.03626183                     0.07732970    -0.03550506                         0.07815339
    SCEL6_6_1_1_0_0_5/5           1      0.33333333         -0.03133393                     0.05343825    -0.02136339                         0.06225826
    SCEL6_6_1_1_0_0_5/6           1      0.33333333         -0.01858718                     0.06299831    -0.02080883                         0.06267418
    SCEL6_6_1_1_0_0_5/7           1      0.16666667         -0.00763236                     0.03788610    -0.00594842                         0.04291307
    SCEL6_6_1_1_0_1_0/0           1      0.83333333         -0.05312191                     0.01922160    -0.05435397                         0.01881777
    SCEL6_6_1_1_0_1_0/1           1      0.66666667         -0.05184693                     0.04299588    -0.04436602                         0.04759226
    SCEL6_6_1_1_0_1_0/2           1      0.66666667         -0.05131098                     0.04331745    -0.04951983                         0.04449998
    SCEL6_6_1_1_0_1_0/3           1      0.50000000         -0.01574693                     0.09100630    -0.01887557                         0.08923972
    SCEL6_6_1_1_0_1_0/4           1      0.50000000         -0.07196546                     0.05352728    -0.06809916                         0.05642400
    SCEL6_6_1_1_0_1_0/5           1      0.33333333         -0.04062529                     0.04646973    -0.03524540                         0.05184676
    SCEL6_6_1_1_0_1_0/6           1      0.33333333         -0.02568352                     0.05767606    -0.02417180                         0.06015196
    SCEL6_6_1_1_0_1_0/7           1      0.16666667         -0.02437557                     0.02353478    -0.02762683                         0.02433157
    SCEL6_6_1_1_0_1_4/0           1      0.83333333         -0.07157454                     0.00915653    -0.07307545                         0.00860606
    SCEL6_6_1_1_0_1_4/1           1      0.66666667         -0.11693225                     0.00394470    -0.11257275                         0.00666823
    SCEL6_6_1_1_0_1_4/2           1      0.66666667         -0.04418270                     0.04759442    -0.04912102                         0.04473927
    SCEL6_6_1_1_0_1_4/3           1      0.50000000         -0.05416483                     0.06539436    -0.06086569                         0.06124631
    SCEL6_6_1_1_0_1_4/4           1      0.50000000         -0.07864207                     0.04907620    -0.08294572                         0.04652629
    SCEL6_6_1_1_0_1_4/5           1      0.33333333         -0.01172924                     0.06814177    -0.01725331                         0.06534082
    SCEL6_6_1_1_0_1_4/6           1      0.33333333         -0.05562590                     0.03521927    -0.05699254                         0.03553640
    SCEL6_6_1_1_0_1_4/7           1      0.16666667         -0.02339373                     0.02437635    -0.01985868                         0.03098999
    SCEL6_6_1_1_0_3_2/0           1      0.83333333         -0.03888605                     0.02698661    -0.03629882                         0.02866604
    SCEL6_6_1_1_0_3_2/1           1      0.66666667         -0.06275188                     0.03645291    -0.06766526                         0.03361272
    SCEL6_6_1_1_0_3_2/2           1      0.66666667         -0.01943364                     0.06244386    -0.01762921                         0.06363435
    SCEL6_6_1_1_0_3_2/3           1      0.50000000         -0.07948790                     0.04851232    -0.08085018                         0.04792332
    SCEL6_6_1_1_0_3_2/4           1      0.50000000         -0.04683483                     0.07028103    -0.04272321                         0.07334129
    SCEL6_6_1_1_0_3_2/5           1      0.33333333         -0.07199977                     0.02293887    -0.07410133                         0.02270481
    SCEL6_6_1_1_0_3_2/6           1      0.33333333         -0.05948752                     0.03232306    -0.05405310                         0.03774098
    SCEL6_6_1_1_0_3_2/7           1      0.16666667         -0.03685401                     0.01283897    -0.03973307                         0.01395480
    SCEL6_6_1_1_0_5_5/0           1      0.83333333         -0.02356796                     0.03534193    -0.01710155                         0.03913727
    SCEL6_6_1_1_0_5_5/1           1      0.66666667         -0.00899322                     0.06870811    -0.01462695                         0.06543571
    SCEL6_6_1_1_0_5_5/2           1      0.66666667         -0.04171469                     0.04907523    -0.03531786                         0.05302116
    SCEL6_6_1_1_0_5_5/3           1      0.50000000         -0.01800171                     0.08950311    -0.01297728                         0.09317191
    SCEL6_6_1_1_0_5_5/4           1      0.50000000         -0.01000280                     0.09483572    -0.00962260                         0.09540836
    SCEL6_6_1_1_0_5_5/5           1      0.33333333         0.00183524                      0.07831513    0.00458319                          0.08171820
    SCEL6_6_1_1_0_5_5/6           1      0.33333333         -0.02229916                     0.06021433    -0.02121261                         0.06237135
    SCEL6_6_1_1_0_5_5/7           1      0.16666667         -0.00574848                     0.03950085    -0.00671045                         0.04225990
    SCEL7_7_1_1_0_0_0/0           1      0.85714286         -0.01538087                     0.03405850    -0.01415996                         0.03485135
    SCEL7_7_1_1_0_0_0/1           1      0.71428571         -0.02146421                     0.05473320    -0.01870596                         0.05639718
    SCEL7_7_1_1_0_0_0/2           1      0.71428571         -0.01524558                     0.05836073    -0.01225461                         0.06016046
    SCEL7_7_1_1_0_0_0/3           1      0.57142857         0.00079157                      0.08955333    -0.00010668                         0.08920484
    SCEL7_7_1_1_0_0_0/4           1      0.71428571         -0.01887973                     0.05624082    -0.02601810                         0.05213176
    SCEL7_7_1_1_0_0_0/5           1      0.57142857         -0.02728608                     0.07168574    -0.02618827                         0.07260746
    SCEL7_7_1_1_0_0_0/6           1      0.42857143         -0.00559505                     0.08776149    -0.00607408                         0.08815453
    SCEL7_7_1_1_0_0_0/7           1      0.57142857         -0.02054069                     0.07597826    -0.02477273                         0.07350826
    SCEL7_7_1_1_0_0_0/8           1      0.57142857         -0.00311618                     0.08706659    -0.00730050                         0.08462695
    SCEL7_7_1_1_0_0_0/9           1      0.42857143         -0.00466263                     0.08841419    -0.00454023                         0.08922822
    SCEL7_7_1_1_0_0_0/10          1      0.42857143         -0.03222530                     0.06912032    -0.03433056                         0.06837499
    SCEL7_7_1_1_0_0_0/11          1      0.28571429         -0.00800192                     0.06252647    -0.00899272                         0.06343892
    SCEL7_7_1_1_0_0_0/12          1      0.42857143         -0.01560519                     0.08075439    -0.01248271                         0.08366848
    SCEL7_7_1_1_0_0_0/13          1      0.28571429         0.00274485                      0.07088507    0.00261944                          0.07247061
    SCEL7_7_1_1_0_0_0/14          1      0.28571429         -0.01890358                     0.05404740    -0.01911010                         0.05556986
    SCEL7_7_1_1_0_0_0/15          1      0.14285714         -0.00445062                     0.03498031    -0.00684509                         0.03697741
    SCEL7_7_1_1_0_0_6/0           1      0.85714286         -0.02922978                     0.02660139    -0.02845650                         0.02715322
    SCEL7_7_1_1_0_0_6/1           1      0.71428571         -0.04890072                     0.03872857    -0.04108000                         0.04334565
    SCEL7_7_1_1_0_0_6/2           1      0.71428571         -0.05419922                     0.03563778    -0.05637058                         0.03442615
    SCEL7_7_1_1_0_0_6/3           1      0.57142857         -0.05432284                     0.05448053    -0.05578923                         0.05377049
    SCEL7_7_1_1_0_0_6/4           1      0.71428571         -0.02426238                     0.05310094    -0.01881030                         0.05633632
    SCEL7_7_1_1_0_0_6/6           1      0.42857143         -0.01311720                     0.08249599    -0.01530469                         0.08169310
    SCEL7_7_1_1_0_0_6/7           1      0.57142857         -0.02626479                     0.07233565    -0.02530979                         0.07316650
    SCEL7_7_1_1_0_0_6/8           1      0.57142857         -0.05602606                     0.05339666    -0.05366950                         0.05511941
    SCEL7_7_1_1_0_0_6/9           1      0.42857143         -0.03388939                     0.06795546    -0.04016338                         0.06429201
    SCEL7_7_1_1_0_0_6/10          1      0.42857143         -0.00793202                     0.08612561    -0.00980678                         0.08554164
    SCEL7_7_1_1_0_0_6/11          1      0.28571429         -0.01069357                     0.06043296    -0.01077247                         0.06205468
    SCEL7_7_1_1_0_0_6/12          1      0.42857143         -0.02130643                     0.07676353    -0.01804434                         0.07977535
    SCEL7_7_1_1_0_0_6/14          1      0.28571429         -0.02326320                     0.05065658    -0.01834368                         0.05616596
    SCEL7_7_1_1_0_0_6/15          1      0.14285714         -0.00565537                     0.03392615    -0.00619192                         0.03754894
    SCEL7_7_1_1_0_2_4/0           1      0.85714286         -0.05470003                     0.01288664    -0.06062203                         0.00983332
    SCEL7_7_1_1_0_2_4/1           1      0.71428571         -0.08960033                     0.01498713    -0.08372216                         0.01847106
    SCEL7_7_1_1_0_2_4/2           1      0.71428571         -0.08519002                     0.01755981    -0.08369137                         0.01848902
    SCEL7_7_1_1_0_2_4/3           1      0.57142857         -0.07743758                     0.03977115    -0.07944607                         0.03871614
    SCEL7_7_1_1_0_2_4/4           1      0.71428571         -0.08566289                     0.01728397    -0.08606778                         0.01710278
    SCEL7_7_1_1_0_2_4/5           1      0.57142857         -0.07770434                     0.03960139    -0.07524326                         0.04139065
    SCEL7_7_1_1_0_2_4/6           1      0.42857143         -0.06470057                     0.04638763    -0.06324657                         0.04813379
    SCEL7_7_1_1_0_2_4/7           1      0.57142857         -0.07449110                     0.04164618    -0.06823157                         0.04585264
    SCEL7_7_1_1_0_2_4/8           1      0.57142857         -0.11422595                     0.01636037    -0.11430520                         0.01653305
    SCEL7_7_1_1_0_2_4/9           1      0.42857143         -0.06337176                     0.04731779    -0.06551953                         0.04654271
    SCEL7_7_1_1_0_2_4/10          1      0.42857143         -0.03073100                     0.07016633    -0.03177957                         0.07016069
    SCEL7_7_1_1_0_2_4/11          1      0.28571429         -0.03717537                     0.03983601    -0.03679854                         0.04181218
    SCEL7_7_1_1_0_2_4/12          1      0.42857143         -0.10602415                     0.01746112    -0.10524625                         0.01873401
    SCEL7_7_1_1_0_2_4/13          1      0.28571429         -0.07597234                     0.00966059    -0.07130135                         0.01497666
    SCEL7_7_1_1_0_2_4/14          1      0.28571429         -0.03085190                     0.04475426    -0.02603221                         0.05018599
    SCEL7_7_1_1_0_2_4/15          1      0.14285714         -0.02770341                     0.01463412    -0.02402253                         0.02194715
    SCEL7_7_1_1_0_3_5/0           1      0.85714286         -0.07477186                     0.00207873    -0.07627967                         0.00140228
    SCEL7_7_1_1_0_3_5/1           1      0.71428571         -0.10604293                     0.00539562    -0.10663493                         0.00510528
    SCEL7_7_1_1_0_3_5/2           1      0.57142857         -0.10062522                     0.02501538    -0.09681255                         0.02766474
    SCEL7_7_1_1_0_3_5/3           1      0.57142857         -0.09637300                     0.02772133    -0.09801654                         0.02689856
    SCEL7_7_1_1_0_3_5/4           1      0.42857143         -0.07000831                     0.04267221    -0.07120834                         0.04256054
    SCEL7_7_1_1_0_3_5/5           1      0.42857143         -0.04534488                     0.05993661    -0.04886298                         0.05820229
    SCEL7_7_1_1_0_3_5/6           1      0.28571429         -0.02123050                     0.05223757    -0.01987095                         0.05497808
    SCEL7_7_1_1_0_3_5/7           1      0.14285714         0.00204934                      0.04066778    0.00730075                          0.04935502
    SCEL7_7_1_1_0_3_6/0           1      0.85714286         -0.06701788                     0.00625395    -0.05841832                         0.01101993
    SCEL7_7_1_1_0_3_6/1           1      0.71428571         -0.04840294                     0.03901895    -0.04873526                         0.03888008
    SCEL7_7_1_1_0_3_6/2           1      0.71428571         -0.07325156                     0.02452391    -0.07626007                         0.02282395
    SCEL7_7_1_1_0_3_6/3           1      0.57142857         -0.03107087                     0.06927724    -0.02990335                         0.07024332
    SCEL7_7_1_1_0_3_6/4           1      0.71428571         -0.11529256                     0.00000000    -0.11318809                         0.00128260
    SCEL7_7_1_1_0_3_6/5           1      0.57142857         -0.08346367                     0.03593637    -0.08165601                         0.03730981
    SCEL7_7_1_1_0_3_6/6           1      0.42857143         -0.03778710                     0.06522706    -0.03103619                         0.07068105
    SCEL7_7_1_1_0_3_6/7           1      0.57142857         -0.08594345                     0.03435833    -0.08557890                         0.03481342
    SCEL7_7_1_1_0_3_6/8           1      0.57142857         -0.09051646                     0.03144822    -0.08413108                         0.03573477
    SCEL7_7_1_1_0_3_6/9           1      0.42857143         -0.04196758                     0.06230073    -0.04883496                         0.05822191
    SCEL7_7_1_1_0_3_6/10          1      0.42857143         -0.06390930                     0.04694152    -0.06606543                         0.04616058
    SCEL7_7_1_1_0_3_6/11          1      0.28571429         -0.01891588                     0.05403783    -0.02188918                         0.05340835
    SCEL7_7_1_1_0_3_6/12          1      0.42857143         -0.05218296                     0.05514995    -0.05765799                         0.05204579
    SCEL7_7_1_1_0_3_6/13          1      0.28571429         -0.01764471                     0.05502652    -0.01484844                         0.05888448
    SCEL7_7_1_1_0_3_6/14          1      0.28571429         -0.03332510                     0.04283066    -0.03808976                         0.04080790
    SCEL7_7_1_1_0_3_6/15          1      0.14285714         -0.01016704                     0.02997844    -0.00714986                         0.03671074
    SCEL7_7_1_1_0_6_4/0           1      0.85714286         -0.03620826                     0.02284375    -0.04781186                         0.01673110
    SCEL7_7_1_1_0_6_4/1           1      0.71428571         -0.05344893                     0.03607545    -0.05555331                         0.03490289
    SCEL7_7_1_1_0_6_4/2           1      0.71428571         -0.09587990                     0.01132405    -0.09114645                         0.01414023
    SCEL7_7_1_1_0_6_4/3           1      0.57142857         -0.05270180                     0.05551210    -0.05273227                         0.05571582
    SCEL7_7_1_1_0_6_4/4           1      0.71428571         -0.04050235                     0.04362762    -0.03819490                         0.04502863
    SCEL7_7_1_1_0_6_4/5           1      0.57142857         -0.06219563                     0.04947057    -0.05928512                         0.05154583
    SCEL7_7_1_1_0_6_4/6           1      0.42857143         -0.02802875                     0.07205791    -0.02681834                         0.07363354
    SCEL7_7_1_1_0_6_4/7           1      0.57142857         -0.01990045                     0.07638569    -0.02303511                         0.07461402
    SCEL7_7_1_1_0_6_4/8           1      0.57142857         -0.06229484                     0.04940744    -0.06144627                         0.05017055
    SCEL7_7_1_1_0_6_4/9           1      0.42857143         -0.02293902                     0.07562071    -0.02732300                         0.07328028
    SCEL7_7_1_1_0_6_4/10          1      0.42857143         -0.03215655                     0.06916844    -0.03400651                         0.06860183
    SCEL7_7_1_1_0_6_4/11          1      0.28571429         -0.00606025                     0.06403665    -0.00712385                         0.06489249
    SCEL7_7_1_1_0_6_4/12          1      0.42857143         -0.02313321                     0.07548478    -0.02920233                         0.07196475
    SCEL7_7_1_1_0_6_4/13          1      0.28571429         0.00348562                      0.07146122    0.00682836                          0.07574421
    SCEL7_7_1_1_0_6_4/14          1      0.28571429         -0.01799160                     0.05475672    -0.02032077                         0.05462822
    SCEL7_7_1_1_0_6_4/15          1      0.14285714         -0.00244211                     0.03673776    0.00376404                          0.04626040
    SCEL7_7_1_1_0_6_5/0           1      0.85714286         -0.04615331                     0.01748872    -0.04675598                         0.01729965
    SCEL7_7_1_1_0_6_5/1           1      0.71428571         -0.04210956                     0.04269008    -0.04344011                         0.04196892
    SCEL7_7_1_1_0_6_5/2           1      0.71428571         -0.09024852                     0.01460902    -0.09011116                         0.01474414
    SCEL7_7_1_1_0_6_5/3           1      0.57142857         -0.06533806                     0.04747084    -0.05586092                         0.05372487
    SCEL7_7_1_1_0_6_5/4           1      0.71428571         -0.05083849                     0.03759821    -0.04384111                         0.04173501
    SCEL7_7_1_1_0_6_5/5           1      0.57142857         -0.04707488                     0.05909287    -0.04599118                         0.06000561
    SCEL7_7_1_1_0_6_5/6           1      0.42857143         -0.03835136                     0.06483208    -0.03983388                         0.06452267
    SCEL7_7_1_1_0_6_5/7           1      0.57142857         -0.02845490                     0.07094195    -0.02853455                         0.07111438
    SCEL7_7_1_1_0_6_5/8           1      0.57142857         -0.08756203                     0.03332832    -0.08891649                         0.03268951
    SCEL7_7_1_1_0_6_5/9           1      0.42857143         -0.04534741                     0.05993484    -0.04326774                         0.06211897
    SCEL7_7_1_1_0_6_5/10          1      0.42857143         -0.01715127                     0.07967214    -0.02283612                         0.07642110
    SCEL7_7_1_1_0_6_5/11          1      0.28571429         -0.03535166                     0.04125445    -0.02985414                         0.04721338
    SCEL7_7_1_1_0_6_5/12          1      0.42857143         -0.06162513                     0.04854044    -0.05845379                         0.05148873
    SCEL7_7_1_1_0_6_5/13          1      0.28571429         -0.03859078                     0.03873513    -0.03732526                         0.04140251
    SCEL7_7_1_1_0_6_5/14          1      0.28571429         -0.02633408                     0.04826812    -0.02614809                         0.05009586
    SCEL7_7_1_1_0_6_5/15          1      0.14285714         -0.02155253                     0.02001615    -0.02191791                         0.02378870
    SCEL8_1_1_8_0_0_0/0           1      0.87500000         -0.01552776                     0.02976413    -0.01195378                         0.03170834
    SCEL8_1_1_8_0_0_0/1           1      0.75000000         -0.00825499                     0.05716648    -0.01264516                         0.05515255
    SCEL8_1_1_8_0_0_0/2           1      0.75000000         -0.02710495                     0.04639508    -0.02251841                         0.04951069
    SCEL8_1_1_8_0_0_0/4           1      0.75000000         -0.01064197                     0.05580249    -0.01028659                         0.05650030
    SCEL8_1_1_8_0_0_0/5           1      0.62500000         -0.01420269                     0.07168705    -0.01938095                         0.06865704
    SCEL8_1_1_8_0_0_0/6           1      0.50000000         -0.01097218                     0.09418946    -0.01372336                         0.09267452
    SCEL8_1_1_8_0_0_0/7           1      0.62500000         -0.01938009                     0.06850096    -0.01560236                         0.07098232
    SCEL8_1_1_8_0_0_0/8           1      0.62500000         -0.04399709                     0.05335203    -0.03927825                         0.05641254
    SCEL8_1_1_8_0_0_0/9           1      0.50000000         -0.01902346                     0.08882194    -0.01981804                         0.08861141
    SCEL8_1_1_8_0_0_0/10          1      0.50000000         -0.01806933                     0.08945803    -0.01929705                         0.08895873
    SCEL8_1_1_8_0_0_0/11          1      0.37500000         -0.02023544                     0.06892171    -0.02204244                         0.06867066
    SCEL8_1_1_8_0_0_0/12          1      0.62500000         -0.00998932                     0.07427989    -0.00614052                         0.07680500
    SCEL8_1_1_8_0_0_0/13          1      0.50000000         0.00343119                      0.10379171    0.00486647                          0.10506774
    SCEL8_1_1_8_0_0_0/14          1      0.50000000         -0.02509730                     0.08477272    -0.01985925                         0.08858393
    SCEL8_1_1_8_0_0_0/15          1      0.37500000         -0.00444913                     0.08040266    -0.00497334                         0.08108455
    SCEL8_1_1_8_0_0_0/16          1      0.37500000         -0.00200090                     0.08218319    -0.00188180                         0.08333294
    SCEL8_1_1_8_0_0_0/17          1      0.25000000         -0.00837985                     0.05549549    -0.00868051                         0.05721083
    SCEL8_1_1_8_0_0_0/18          1      0.50000000         -0.00393199                     0.09888292    -0.00757735                         0.09677187
    SCEL8_1_1_8_0_0_0/19          1      0.37500000         -0.02961791                     0.06209810    -0.02869931                         0.06382929
    SCEL8_1_1_8_0_0_0/20          1      0.37500000         -0.01336826                     0.07391603    -0.01206776                         0.07592497
    SCEL8_1_1_8_0_0_0/21          1      0.25000000         -0.01586351                     0.04950856    -0.01786672                         0.04986186
    SCEL8_1_1_8_0_0_0/22          1      0.25000000         0.00369959                      0.06515904    0.00133540                          0.06522355
    SCEL8_1_1_8_0_0_0/23          1      0.12500000         -0.00284473                     0.03202655    -0.00694607                         0.03286881
    SCEL8_2_2_2_0_0_0/0           1      0.87500000         -0.04957965                     0.01160313    -0.06323171                         0.00436011
    SCEL8_2_2_2_0_0_0/1           1      0.62500000         -0.09151136                     0.02411249    -0.08573039                         0.02782661
    SCEL8_2_2_2_0_0_0/2           1      0.50000000         -0.02989319                     0.08157546    -0.02848557                         0.08283305
    SCEL8_2_2_2_0_0_0/3           1      0.37500000         -0.02968005                     0.06205291    -0.02291228                         0.06803805
    SCEL8_2_2_2_0_0_0/4           1      0.50000000         -0.05801922                     0.06282477    -0.05283325                         0.06660127
    SCEL8_2_2_2_0_0_0/5           1      0.62500000         -0.04241333                     0.05432665    -0.03850889                         0.05688600
    SCEL8_2_2_2_0_0_0/6           1      0.37500000         -0.04780991                     0.04886755    -0.05171841                         0.04708813
    SCEL8_2_2_2_0_0_0/7           1      0.12500000         -0.01809648                     0.01846944    -0.02535992                         0.01650094
    SCEL8_2_4_1_0_1_1/0           1      0.87500000         -0.05330584                     0.00961582    -0.05222893                         0.01022826
    SCEL8_2_4_1_0_1_1/1           1      0.75000000         -0.05643898                     0.02963277    -0.06060509                         0.02774687
    SCEL8_2_4_1_0_1_1/2           1      0.75000000         -0.10113716                     0.00409095    -0.10202773                         0.00407679
    SCEL8_2_4_1_0_1_1/3           1      0.62500000         -0.06837460                     0.03835049    -0.06459251                         0.04083454
    SCEL8_2_4_1_0_1_1/4           1      0.75000000         -0.05857110                     0.02841442    -0.06448060                         0.02553229
    SCEL8_2_4_1_0_1_1/5           1      0.62500000         -0.08447506                     0.02844252    -0.07708990                         0.03314383
    SCEL8_2_4_1_0_1_1/6           1      0.50000000         -0.04681929                     0.07029139    -0.04405685                         0.07245220
    SCEL8_2_4_1_0_1_1/7           1      0.62500000         -0.02747838                     0.06351740    -0.03570431                         0.05861189
    SCEL8_2_4_1_0_1_1/8           1      0.62500000         -0.07221140                     0.03598938    -0.07851241                         0.03226845
    SCEL8_2_4_1_0_1_1/9           1      0.50000000         -0.04346624                     0.07252676    -0.04520615                         0.07168600
    SCEL8_2_4_1_0_1_1/10          1      0.50000000         -0.04653723                     0.07047943    -0.04612194                         0.07107547
    SCEL8_2_4_1_0_1_1/11          1      0.37500000         -0.01921172                     0.06966624    -0.01901262                         0.07087416
    SCEL8_2_4_1_0_1_1/12          1      0.62500000         -0.07375442                     0.03503983    -0.07570744                         0.03399458
    SCEL8_2_4_1_0_1_1/13          1      0.50000000         -0.04038517                     0.07458080    -0.04261164                         0.07341567
    SCEL8_2_4_1_0_1_1/14          1      0.50000000         -0.05486850                     0.06492525    -0.05397642                         0.06583915
    SCEL8_2_4_1_0_1_1/15          1      0.37500000         -0.02370533                     0.06639816    -0.02938984                         0.06332709
    SCEL8_2_4_1_0_1_1/16          1      0.37500000         -0.01965688                     0.06934248    -0.01893135                         0.07093327
    SCEL8_2_4_1_0_1_1/17          1      0.25000000         -0.01371721                     0.05122561    -0.00475018                         0.06035509
    SCEL8_2_4_1_0_1_1/18          1      0.50000000         -0.05611927                     0.06409140    -0.05503107                         0.06513605
    SCEL8_2_4_1_0_1_1/19          1      0.37500000         -0.03451791                     0.05853446    -0.03041920                         0.06257847
    SCEL8_2_4_1_0_1_1/20          1      0.37500000         -0.02801078                     0.06326692    -0.03290780                         0.06076858
    SCEL8_2_4_1_0_1_1/21          1      0.25000000         -0.01880621                     0.04715440    -0.01624270                         0.05116107
    SCEL8_2_4_1_0_1_1/22          1      0.25000000         -0.01164869                     0.05288042    -0.01140593                         0.05503048
    SCEL8_2_4_1_0_1_1/23          1      0.12500000         -0.00869927                     0.02682252    -0.00360216                         0.03584118
    SCEL8_2_4_1_1_0_1/0           1      0.87500000         -0.06338683                     0.00423929    -0.06562686                         0.00308270
    SCEL8_2_4_1_1_0_1/1           1      0.75000000         -0.10702483                     0.00072657    -0.10198138                         0.00410328
    SCEL8_2_4_1_1_0_1/2           1      0.75000000         -0.08166792                     0.01521623    -0.08290547                         0.01500380
    SCEL8_2_4_1_1_0_1/3           1      0.62500000         -0.09381977                     0.02269193    -0.09060689                         0.02482569
    SCEL8_2_4_1_1_0_1/4           1      0.62500000         -0.11216177                     0.01140454    -0.11223826                         0.01151408
    SCEL8_2_4_1_1_0_1/5           1      0.50000000         -0.09809821                     0.03610544    -0.09435718                         0.03891865
    SCEL8_2_4_1_1_0_1/6           1      0.62500000         -0.08494556                     0.02815297    -0.07958513                         0.03160831
    SCEL8_2_4_1_1_0_1/7           1      0.62500000         -0.04280052                     0.05408839    -0.04068552                         0.05554653
    SCEL8_2_4_1_1_0_1/8           1      0.50000000         -0.04200796                     0.07349894    -0.05145357                         0.06752105
    SCEL8_2_4_1_1_0_1/9           1      0.50000000         -0.08379312                     0.04564217    -0.08074131                         0.04799589
    SCEL8_2_4_1_1_0_1/10          1      0.37500000         -0.04196451                     0.05311875    -0.04648492                         0.05089431
    SCEL8_2_4_1_1_0_1/11          1      0.50000000         -0.04038423                     0.07458143    -0.04225266                         0.07365499
    SCEL8_2_4_1_1_0_1/12          1      0.37500000         -0.02777255                     0.06344018    -0.02962764                         0.06315415
    SCEL8_2_4_1_1_0_1/13          1      0.37500000         -0.01687260                     0.07136741    -0.01557774                         0.07337225
    SCEL8_2_4_1_1_0_1/14          1      0.25000000         0.00156274                      0.06344957    0.01291105                          0.07448407
    SCEL8_2_4_1_1_0_1/15          1      0.37500000         -0.04693550                     0.04950349    -0.04849893                         0.04942957
    SCEL8_2_4_1_1_0_1/16          1      0.25000000         -0.04083923                     0.02952798    -0.03983383                         0.03228817
    SCEL8_2_4_1_1_0_1/17          1      0.12500000         -0.00323808                     0.03167691    0.00464947                          0.04317596
    SCEL8_2_4_1_1_1_0/0           1      0.87500000         -0.03753279                     0.01802812    -0.04477874                         0.01420170
    SCEL8_2_4_1_1_1_0/1           1      0.75000000         -0.07771330                     0.01747602    -0.07618138                         0.01884614
    SCEL8_2_4_1_1_1_0/2           1      0.62500000         -0.08213347                     0.02988349    -0.07728340                         0.03302476
    SCEL8_2_4_1_1_1_0/3           1      0.62500000         -0.01290979                     0.07248268    -0.01628807                         0.07056035
    SCEL8_2_4_1_1_1_0/4           1      0.62500000         -0.02794640                     0.06322938    -0.02818299                         0.06324040
    SCEL8_2_4_1_1_1_0/5           1      0.50000000         -0.02825587                     0.08266700    -0.03771186                         0.07668219
    SCEL8_2_4_1_1_1_0/6           1      0.37500000         -0.01362998                     0.07372568    -0.02350248                         0.06760881
    SCEL8_2_4_1_1_1_0/7           1      0.37500000         -0.04357235                     0.05194941    -0.04509027                         0.05190860
    SCEL8_2_4_1_1_1_0/8           1      0.50000000         -0.04485206                     0.07160288    -0.04165589                         0.07405284
    SCEL8_2_4_1_1_1_0/9           1      0.37500000         -0.03258628                     0.05993928    -0.03811476                         0.05698170
    SCEL8_2_4_1_1_1_0/10          1      0.25000000         -0.01173174                     0.05281398    -0.01295714                         0.05378952
    SCEL8_2_4_1_1_1_0/11          1      0.12500000         -0.01724408                     0.01922713    -0.01594414                         0.02487053
    SCEL8_2_4_1_1_1_0/12          1      0.50000000         -0.06268722                     0.05971277    -0.05985863                         0.06191768
    SCEL8_4_1_2_0_0_0/0           1      0.87500000         -0.05326409                     0.00963809    -0.05192869                         0.01038839
    SCEL8_4_1_2_0_0_0/1           1      0.75000000         -0.06682537                     0.02369769    -0.06708549                         0.02404378
    SCEL8_4_1_2_0_0_0/2           1      0.62500000         -0.08624491                     0.02735338    -0.08009312                         0.03129570
    SCEL8_4_1_2_0_0_0/3           1      0.75000000         -0.05056694                     0.03298823    -0.05784645                         0.02932324
    SCEL8_4_1_2_0_0_0/4           1      0.62500000         -0.07350224                     0.03519502    -0.07821217                         0.03245321
    SCEL8_4_1_2_0_0_0/5           1      0.62500000         -0.07483147                     0.03437703    -0.07392046                         0.03509426
    SCEL8_4_1_2_0_0_0/6           1      0.50000000         -0.05317861                     0.06605184    -0.05305126                         0.06645593
    SCEL8_4_1_2_0_0_0/7           1      0.62500000         -0.06521065                     0.04029753    -0.06095902                         0.04307053
    SCEL8_4_1_2_0_0_0/8           1      0.37500000         -0.02530000                     0.06523840    -0.02784194                         0.06445284
    SCEL8_4_1_2_0_0_0/9           1      0.62500000         -0.02804113                     0.06317109    -0.03592767                         0.05847444
    SCEL8_4_1_2_0_0_0/10          1      0.50000000         -0.04798186                     0.06951634    -0.04702476                         0.07047359
    SCEL8_4_1_2_0_0_0/11          1      0.37500000         -0.03415006                     0.05880199    -0.03116617                         0.06203522
    SCEL8_4_1_2_0_0_0/12          1      0.50000000         -0.05455545                     0.06513395    -0.04939934                         0.06889054
    SCEL8_4_1_2_0_0_0/13          1      0.37500000         -0.03011960                     0.06173323    -0.03588749                         0.05860153
    SCEL8_4_1_2_0_0_0/14          1      0.25000000         -0.00923630                     0.05481033    -0.01317918                         0.05361189
    SCEL8_4_1_2_0_0_0/15          1      0.37500000         -0.02380326                     0.06632693    -0.02390352                         0.06731715
    SCEL8_4_1_2_0_0_0/16          1      0.12500000         -0.00380523                     0.03117278    -0.00434913                         0.03517720
    SCEL8_4_1_2_0_0_0/17          1      0.50000000         -0.04754536                     0.06980734    -0.04454725                         0.07212527
    SCEL8_4_1_2_0_0_0/18          1      0.50000000         -0.04139562                     0.07390717    -0.04507979                         0.07177024
    SCEL8_4_1_2_0_0_0/19          1      0.37500000         -0.02006071                     0.06904879    -0.01915471                         0.07077082
    SCEL8_4_1_2_0_0_0/20          1      0.25000000         -0.01180647                     0.05275420    -0.00491760                         0.06022115
    SCEL8_4_1_2_0_0_1/0           1      0.87500000         -0.05658378                     0.00786759    -0.06675992                         0.00247840
    SCEL8_4_1_2_0_0_1/1           1      0.75000000         -0.10498856                     0.00189016    -0.10549416                         0.00209598
    SCEL8_4_1_2_0_0_1/2           1      0.62500000         -0.08527170                     0.02795227    -0.08062417                         0.03096890
    SCEL8_4_1_2_0_0_1/3           1      0.62500000         -0.03713390                     0.05757554    -0.03769676                         0.05738577
    SCEL8_4_1_2_0_0_1/4           1      0.62500000         -0.10431132                     0.01623558    -0.09797268                         0.02029289
    SCEL8_4_1_2_0_0_1/5           1      0.50000000         -0.05447037                     0.06519067    -0.05585315                         0.06458800
    SCEL8_4_1_2_0_0_1/6           1      0.37500000         -0.01912399                     0.06973004    -0.02054803                         0.06975750
    SCEL8_4_1_2_0_0_1/7           1      0.62500000         -0.11439346                     0.01003119    -0.10536167                         0.01574583
    SCEL8_4_1_2_0_0_1/8           1      0.37500000         -0.05352966                     0.04470773    -0.05159617                         0.04717703
    SCEL8_4_1_2_0_0_1/9           1      0.50000000         -0.05011262                     0.06809583    -0.05571893                         0.06467748
    SCEL8_4_1_2_0_0_1/10          1      0.37500000         -0.02318776                     0.06677457    -0.02558161                         0.06609671
    SCEL8_4_1_2_0_0_1/11          1      0.25000000         -0.01325301                     0.05159696    -0.00848150                         0.05737003
    SCEL8_4_1_2_0_0_1/12          1      0.12500000         -0.01565939                     0.02063575    -0.01043210                         0.02977012
    SCEL8_4_1_2_0_0_1/13          1      0.50000000         -0.06557093                     0.05779030    -0.06711232                         0.05708189
    SCEL8_4_1_2_0_0_1/14          1      0.50000000         -0.10018092                     0.03471697    -0.10147162                         0.03417569
    SCEL8_4_1_2_0_0_1/15          1      0.37500000         -0.06424761                     0.03691286    -0.07891716                         0.02730722
    SCEL8_4_1_2_0_1_0/0           1      0.87500000         -0.04477248                     0.01416695    -0.04737730                         0.01281580
    SCEL8_4_1_2_0_1_0/1           1      0.75000000         -0.04176495                     0.03801793    -0.04175775                         0.03851678
    SCEL8_4_1_2_0_1_0/2           1      0.75000000         -0.04961916                     0.03352982    -0.05746508                         0.02954117
    SCEL8_4_1_2_0_1_0/3           1      0.62500000         -0.01364620                     0.07202950    -0.02330754                         0.06624067
    SCEL8_4_1_2_0_1_0/4           1      0.75000000         -0.07411234                     0.01953371    -0.07698318                         0.01838797
    SCEL8_4_1_2_0_1_0/5           1      0.62500000         -0.04860316                     0.05051753    -0.04813056                         0.05096497
    SCEL8_4_1_2_0_1_0/6           1      0.50000000         -0.01694072                     0.09021044    -0.01358499                         0.09276677
    SCEL8_4_1_2_0_1_0/7           1      0.62500000         -0.08379402                     0.02886162    -0.08241014                         0.02986984
    SCEL8_4_1_2_0_1_0/8           1      0.62500000         -0.07719967                     0.03291968    -0.07760895                         0.03282442
    SCEL8_4_1_2_0_1_0/9           1      0.50000000         -0.04686177                     0.07026307    -0.04641387                         0.07088085
    SCEL8_4_1_2_0_1_0/10          1      0.50000000         -0.05313861                     0.06607851    -0.05359858                         0.06609105
    SCEL8_4_1_2_0_1_0/11          1      0.37500000         -0.02800354                     0.06327219    -0.03090085                         0.06222817
    SCEL8_4_1_2_0_1_0/12          1      0.62500000         -0.08415064                     0.02864216    -0.07525900                         0.03427055
    SCEL8_4_1_2_0_1_0/13          1      0.50000000         -0.04033687                     0.07461300    -0.04984878                         0.06859091
    SCEL8_4_1_2_0_1_0/14          1      0.50000000         -0.05218589                     0.06671366    -0.05486272                         0.06524829
    SCEL8_4_1_2_0_1_0/15          1      0.37500000         -0.02227086                     0.06744141    -0.01973129                         0.07035150
    SCEL8_4_1_2_0_1_0/16          1      0.37500000         -0.02180386                     0.06778104    -0.03129794                         0.06193938
    SCEL8_4_1_2_0_1_0/17          1      0.25000000         -0.01436879                     0.05070434    -0.02235617                         0.04627029
    SCEL8_4_1_2_0_1_0/18          1      0.50000000         -0.04151355                     0.07382855    -0.04157083                         0.07410955
    SCEL8_4_1_2_0_1_0/19          1      0.37500000         -0.03110091                     0.06101955    -0.02891920                         0.06366938
    SCEL8_4_1_2_0_1_0/20          1      0.37500000         -0.01220665                     0.07476083    -0.01836672                         0.07134391
    SCEL8_4_1_2_0_1_0/21          1      0.25000000         -0.00939895                     0.05468021    -0.00824315                         0.05756071
    SCEL8_4_1_2_0_1_0/22          1      0.25000000         0.00308425                      0.06466677    0.00690399                          0.06967842
    SCEL8_4_1_2_0_1_0/23          1      0.12500000         -0.00026614                     0.03431864    -0.00043196                         0.03865913
    SCEL8_4_1_2_0_1_2/0           1      0.87500000         -0.06852068                     0.00150124    -0.06827016                         0.00167294
    SCEL8_4_1_2_0_1_2/1           1      0.75000000         -0.08831579                     0.01141746    -0.08517470                         0.01370710
    SCEL8_4_1_2_0_1_2/2           1      0.75000000         -0.10253332                     0.00329315    -0.10486439                         0.00245584
    SCEL8_4_1_2_0_1_2/3           1      0.62500000         -0.09211766                     0.02373938    -0.08917839                         0.02570476
    SCEL8_4_1_2_0_1_2/4           1      0.75000000         -0.08631660                     0.01255985    -0.08644445                         0.01298152
    SCEL8_4_1_2_0_1_2/5           1      0.62500000         -0.08696874                     0.02690794    -0.08280513                         0.02962677
    SCEL8_4_1_2_0_1_2/6           1      0.50000000         -0.06201191                     0.06016298    -0.06044564                         0.06152634
    SCEL8_4_1_2_0_1_2/7           1      0.62500000         -0.08359522                     0.02898396    -0.08552047                         0.02795579
    SCEL8_4_1_2_0_1_2/8           1      0.62500000         -0.10130430                     0.01808606    -0.10324092                         0.01705090
    SCEL8_4_1_2_0_1_2/9           1      0.50000000         -0.06001771                     0.06149244    -0.06076004                         0.06131674
    SCEL8_4_1_2_0_1_2/10          1      0.50000000         -0.07245922                     0.05319810    -0.06611507                         0.05774672
    SCEL8_4_1_2_0_1_2/11          1      0.37500000         -0.03304008                     0.05960925    -0.02799154                         0.06434404
    SCEL8_4_1_2_0_1_2/12          1      0.62500000         -0.10675559                     0.01473142    -0.10286426                         0.01728269
    SCEL8_4_1_2_0_1_2/13          1      0.50000000         -0.06790495                     0.05623428    -0.06813886                         0.05639752
    SCEL8_4_1_2_0_1_2/14          1      0.50000000         -0.07413722                     0.05207944    -0.07616832                         0.05104455
    SCEL8_4_1_2_0_1_2/15          1      0.37500000         -0.03681878                     0.05686110    -0.03889610                         0.05641345
    SCEL8_4_1_2_0_1_2/16          1      0.37500000         -0.03768309                     0.05623251    -0.04271641                         0.05363504
    SCEL8_4_1_2_0_1_2/17          1      0.25000000         -0.01048845                     0.05380861    -0.00818789                         0.05760492
    SCEL8_4_1_2_0_1_2/18          1      0.50000000         -0.09250397                     0.03983494    -0.08639339                         0.04422784
    SCEL8_4_1_2_0_1_2/19          1      0.37500000         -0.01800907                     0.07054089    -0.01953835                         0.07049181
    SCEL8_4_1_2_0_1_2/20          1      0.37500000         -0.07083539                     0.03212175    -0.07218547                         0.03220300
    SCEL8_4_1_2_0_1_2/21          1      0.25000000         -0.00722323                     0.05642079    -0.00223309                         0.06236875
    SCEL8_4_1_2_0_1_2/22          1      0.25000000         -0.04113040                     0.02929505    -0.03996570                         0.03218267
    SCEL8_4_1_2_0_1_2/23          1      0.12500000         -0.00740560                     0.02797245    -0.00292827                         0.03644019
    SCEL8_4_2_1_0_0_2/0           1      0.87500000         -0.03678100                     0.01842907    -0.04036546                         0.01655545
    SCEL8_4_2_1_0_0_2/1           1      0.75000000         -0.06309529                     0.02582917    -0.05379968                         0.03163568
    SCEL8_4_2_1_0_0_2/2           1      0.62500000         -0.05735655                     0.04513083    -0.05921358                         0.04414465
    SCEL8_4_2_1_0_0_2/3           1      0.62500000         -0.06265069                     0.04187290    -0.06038541                         0.04342352
    SCEL8_4_2_1_0_0_2/4           1      0.62500000         -0.07631607                     0.03346343    -0.07410543                         0.03498043
    SCEL8_4_2_1_0_0_2/5           1      0.50000000         -0.04797130                     0.06952339    -0.04820260                         0.06968837
    SCEL8_4_2_1_0_0_2/6           1      0.37500000         -0.03198439                     0.06037702    -0.03274607                         0.06088620
    SCEL8_4_2_1_0_0_2/7           1      0.62500000         -0.05396037                     0.04722079    -0.04546336                         0.05260632
    SCEL8_4_2_1_0_0_2/8           1      0.37500000         -0.02741873                     0.06369750    -0.03059784                         0.06244855
    SCEL8_4_2_1_0_0_2/9           1      0.50000000         -0.05196274                     0.06686242    -0.05627187                         0.06430885
    SCEL8_4_2_1_0_0_2/10          1      0.37500000         -0.03410705                     0.05883327    -0.03532299                         0.05901208
    SCEL8_4_2_1_0_0_2/11          1      0.25000000         -0.01305839                     0.05175266    -0.01392590                         0.05301451
    SCEL8_4_2_1_0_0_2/12          1      0.12500000         -0.00361386                     0.03134289    -0.00756791                         0.03231607
    SCEL8_4_2_1_0_0_2/13          1      0.50000000         -0.04043564                     0.07454715    -0.03795182                         0.07652222
    SCEL8_4_2_1_0_0_2/14          1      0.50000000         -0.06090445                     0.06090128    -0.06248448                         0.06016711
    SCEL8_4_2_1_0_0_2/15          1      0.37500000         -0.02948772                     0.06219278    -0.03247075                         0.06108643
    SCEL8_4_2_1_1_2_0/0           1      0.87500000         -0.07133551                     0.00000000    -0.07140692                         0.00000000
    SCEL8_4_2_1_1_2_0/1           1      0.75000000         -0.04815660                     0.03436556    -0.05554628                         0.03063762
    SCEL8_4_2_1_1_2_0/2           1      0.62500000         -0.07576478                     0.03380269    -0.08140588                         0.03048785
    SCEL8_4_2_1_1_2_0/3           1      0.75000000         -0.10829633                     0.00000000    -0.10690017                         0.00129254
    SCEL8_4_2_1_1_2_0/4           1      0.62500000         -0.09001154                     0.02503545    -0.09467830                         0.02232020
    SCEL8_4_2_1_1_2_0/5           1      0.62500000         -0.04175448                     0.05473210    -0.03946989                         0.05629461
    SCEL8_4_2_1_1_2_0/6           1      0.50000000         -0.04928290                     0.06864899    -0.05426973                         0.06564361
    SCEL8_4_2_1_1_2_0/7           1      0.62500000         -0.09928524                     0.01932856    -0.09673029                         0.02105744
    SCEL8_4_2_1_1_2_0/8           1      0.37500000         -0.02675647                     0.06417914    -0.03236894                         0.06116048
    SCEL8_4_2_1_1_2_0/9           1      0.50000000         -0.05410341                     0.06543531    -0.05955750                         0.06211843
    SCEL8_4_2_1_1_2_0/10          1      0.37500000         -0.02382511                     0.06631104    -0.02667896                         0.06529864
    SCEL8_4_2_1_1_2_0/11          1      0.50000000         -0.05251337                     0.06649534    -0.05361505                         0.06608007
    SCEL8_4_2_1_1_2_0/12          1      0.37500000         -0.05390668                     0.04443354    -0.05285044                         0.04626484
    SCEL8_4_2_1_1_2_0/13          1      0.25000000         -0.03956613                     0.03054647    -0.03852861                         0.03333234
    SCEL8_4_2_1_1_2_0/14          1      0.37500000         -0.02001352                     0.06908311    -0.01468974                         0.07401808
    SCEL8_4_2_1_1_2_0/15          1      0.12500000         -0.00581313                     0.02938797    -0.00930248                         0.03077422
    SCEL8_4_2_1_1_2_0/16          1      0.50000000         -0.05099976                     0.06750441    -0.05569217                         0.06469532
    SCEL8_4_2_1_1_2_0/17          1      0.25000000         -0.00037664                     0.06189806    0.00553860                          0.06858611
    SCEL8_4_2_1_1_3_1/0           1      0.87500000         -0.05497019                     0.00872817    -0.05451453                         0.00900927
    SCEL8_4_2_1_1_3_1/1           1      0.75000000         -0.09240085                     0.00908313    -0.09023503                         0.01081548
    SCEL8_4_2_1_1_3_1/2           1      0.75000000         -0.04228890                     0.03771853    -0.03487423                         0.04245022
    SCEL8_4_2_1_1_3_1/3           1      0.62500000         -0.08358165                     0.02899231    -0.08002061                         0.03134032
    SCEL8_4_2_1_1_3_1/4           1      0.62500000         -0.05636415                     0.04574154    -0.05448903                         0.04705207
    SCEL8_4_2_1_1_3_1/5           1      0.50000000         -0.05301198                     0.06616293    -0.05628472                         0.06430029
    SCEL8_4_2_1_1_3_1/6           1      0.62500000         -0.08199200                     0.02997055    -0.08164370                         0.03034150
    SCEL8_4_2_1_1_3_1/7           1      0.62500000         -0.02213884                     0.06680327    -0.01533378                         0.07114760
    SCEL8_4_2_1_1_3_1/8           1      0.50000000         -0.03601404                     0.07749489    -0.03854511                         0.07612669
    SCEL8_4_2_1_1_3_1/9           1      0.50000000         -0.03890077                     0.07557041    -0.03408900                         0.07909743
    SCEL8_4_2_1_1_3_1/10          1      0.37500000         -0.02213013                     0.06754376    -0.02285098                         0.06808263
    SCEL8_4_2_1_1_3_1/11          1      0.50000000         -0.07633991                     0.05061097    -0.07805401                         0.04978743
    SCEL8_4_2_1_1_3_1/12          1      0.37500000         -0.03657605                     0.05703763    -0.04128440                         0.05467650
    SCEL8_4_2_1_1_3_1/13          1      0.37500000         -0.01503242                     0.07270573    -0.01966086                         0.07040271
    SCEL8_4_2_1_1_3_1/14          1      0.25000000         -0.01319292                     0.05164503    -0.00554632                         0.05971817
    SCEL8_4_2_1_1_3_1/15          1      0.37500000         -0.04638536                     0.04990359    -0.04727725                         0.05031807
    SCEL8_4_2_1_1_3_1/16          1      0.25000000         -0.04164957                     0.02887971    -0.04411184                         0.02886576
    SCEL8_4_2_1_1_3_1/17          1      0.12500000         -0.01668630                     0.01972294    -0.01241738                         0.02800543
    SCEL8_4_2_1_1_3_2/0           1      0.87500000         -0.03075906                     0.02164077    -0.02620129                         0.02410967
    SCEL8_4_2_1_1_3_2/1           1      0.75000000         -0.05631716                     0.02970238    -0.05392194                         0.03156581
    SCEL8_4_2_1_1_3_2/2           1      0.62500000         -0.04944452                     0.04999977    -0.05228282                         0.04840973
    SCEL8_4_2_1_1_3_2/3           1      0.62500000         -0.01878846                     0.06886504    -0.01902864                         0.06887384
    SCEL8_4_2_1_1_3_2/4           1      0.62500000         -0.01830864                     0.06916031    -0.01653654                         0.07040744
    SCEL8_4_2_1_1_3_2/5           1      0.50000000         -0.05183783                     0.06694569    -0.04854709                         0.06945871
    SCEL8_4_2_1_1_3_2/6           1      0.37500000         -0.03860423                     0.05556259    -0.03043697                         0.06256555
    SCEL8_4_2_1_1_3_2/7           1      0.62500000         -0.08672499                     0.02705794    -0.09144357                         0.02431081
    SCEL8_4_2_1_1_3_2/8           1      0.37500000         -0.05539967                     0.04334773    -0.05292395                         0.04621137
    SCEL8_4_2_1_1_3_2/9           1      0.50000000         -0.01374220                     0.09234279    -0.01320188                         0.09302218
    SCEL8_4_2_1_1_3_2/10          1      0.37500000         -0.04564070                     0.05044516    -0.04492847                         0.05202627
    SCEL8_4_2_1_1_3_2/11          1      0.25000000         -0.05223382                     0.02041231    -0.05117130                         0.02321819
    SCEL8_4_2_1_1_3_2/12          1      0.12500000         -0.03648095                     0.00212769    -0.03938012                         0.00403855
    SCEL8_4_2_1_1_3_2/13          1      0.50000000         -0.07838439                     0.04924799    -0.08143378                         0.04753424
    SCEL8_4_2_1_1_3_2/14          1      0.50000000         -0.05343893                     0.06587829    -0.05543405                         0.06486740
    SCEL8_4_2_1_1_3_2/15          1      0.37500000         -0.09026231                     0.01799308    -0.08975443                         0.01942557
    SCEL8_8_1_1_0_0_3/0           1      0.87500000         -0.03594683                     0.01887396    -0.04013265                         0.01667961
    SCEL8_8_1_1_0_0_3/1           1      0.75000000         -0.05637874                     0.02966720    -0.05234414                         0.03246741
    SCEL8_8_1_1_0_0_3/2           1      0.75000000         -0.08941188                     0.01079112    -0.08096947                         0.01611009
    SCEL8_8_1_1_0_0_3/3           1      0.62500000         -0.05623644                     0.04582013    -0.05326355                         0.04780620
    SCEL8_8_1_1_0_0_3/4           1      0.62500000         -0.08097665                     0.03059538    -0.07810592                         0.03251859
    SCEL8_8_1_1_0_0_3/5           1      0.50000000         -0.05338680                     0.06591305    -0.05353215                         0.06613533
    SCEL8_8_1_1_0_0_3/6           1      0.62500000         -0.05339640                     0.04756785    -0.04424063                         0.05335877
    SCEL8_8_1_1_0_0_3/7           1      0.62500000         -0.06316181                     0.04155836    -0.06185610                         0.04251848
    SCEL8_8_1_1_0_0_3/8           1      0.50000000         -0.04734494                     0.06994095    -0.04746063                         0.07018301
    SCEL8_8_1_1_0_0_3/9           1      0.50000000         -0.06117804                     0.06071889    -0.06328721                         0.05963196
    SCEL8_8_1_1_0_0_3/10          1      0.37500000         -0.03587831                     0.05754508    -0.03417325                         0.05984825
    SCEL8_8_1_1_0_0_3/11          1      0.50000000         -0.04008690                     0.07477965    -0.03566516                         0.07804666
    SCEL8_8_1_1_0_0_3/12          1      0.37500000         -0.02552330                     0.06507600    -0.03139356                         0.06186984
    SCEL8_8_1_1_0_0_3/13          1      0.37500000         -0.03286825                     0.05973422    -0.03295152                         0.06073678
    SCEL8_8_1_1_0_0_3/14          1      0.25000000         -0.01379804                     0.05116094    -0.01389751                         0.05303723
    SCEL8_8_1_1_0_0_3/15          1      0.37500000         -0.02627725                     0.06452767    -0.02838519                         0.06405775
    SCEL8_8_1_1_0_0_3/16          1      0.25000000         -0.02105582                     0.04535472    -0.02034103                         0.04788241
    SCEL8_8_1_1_0_0_3/17          1      0.12500000         -0.00438037                     0.03066154    -0.00705875                         0.03276865
    SCEL8_8_1_1_0_0_5/0           1      0.87500000         -0.03043683                     0.02181263    -0.03715041                         0.01827014
    SCEL8_8_1_1_0_0_5/1           1      0.75000000         -0.05410015                     0.03096925    -0.04468643                         0.03684325
    SCEL8_8_1_1_0_0_5/2           1      0.75000000         -0.05977497                     0.02772649    -0.06237038                         0.02673813
    SCEL8_8_1_1_0_0_5/3           1      0.62500000         -0.02853539                     0.06286693    -0.02834513                         0.06314062
    SCEL8_8_1_1_0_0_5/4           1      0.62500000         -0.07990173                     0.03125687    -0.06373618                         0.04136151
    SCEL8_8_1_1_0_0_5/5           1      0.50000000         -0.03122195                     0.08068961    -0.02917363                         0.08237434
    SCEL8_8_1_1_0_0_5/6           1      0.62500000         -0.05341137                     0.04755863    -0.05425287                         0.04719739
    SCEL8_8_1_1_0_0_5/7           1      0.62500000         -0.06791165                     0.03863538    -0.05963019                         0.04388827
    SCEL8_8_1_1_0_0_5/8           1      0.50000000         -0.04129185                     0.07397635    -0.03718587                         0.07703285
    SCEL8_8_1_1_0_0_5/9           1      0.50000000         -0.05810174                     0.06276975    -0.06645782                         0.05751822
    SCEL8_8_1_1_0_0_5/10          1      0.37500000         -0.02218325                     0.06750512    -0.02281975                         0.06810534
    SCEL8_8_1_1_0_0_5/11          1      0.50000000         -0.01395508                     0.09220086    -0.01270456                         0.09335372
    SCEL8_8_1_1_0_0_5/12          1      0.37500000         -0.00839057                     0.07753616    -0.00445755                         0.08145967
    SCEL8_8_1_1_0_0_5/13          1      0.37500000         -0.02769005                     0.06350018    -0.02999751                         0.06288515
    SCEL8_8_1_1_0_0_5/14          1      0.25000000         -0.00136235                     0.06110949    -0.00051033                         0.06374696
    SCEL8_8_1_1_0_0_5/15          1      0.37500000         -0.01782726                     0.07067312    -0.01890383                         0.07095328
    SCEL8_8_1_1_0_0_5/16          1      0.25000000         -0.00496742                     0.05822543    -0.00172329                         0.06277660
    SCEL8_8_1_1_0_0_5/17          1      0.12500000         -0.00001722                     0.03453990    0.00216162                          0.04096454
    SCEL8_8_1_1_0_0_6/0           1      0.87500000         -0.05881718                     0.00667644    -0.05163841                         0.01054320
    SCEL8_8_1_1_0_0_6/1           1      0.75000000         -0.05317446                     0.03149821    -0.04723616                         0.03538626
    SCEL8_8_1_1_0_0_6/2           1      0.75000000         -0.05634875                     0.02968433    -0.06755022                         0.02377822
    SCEL8_8_1_1_0_0_6/3           1      0.62500000         -0.03005400                     0.06193240    -0.03483299                         0.05914809
    SCEL8_8_1_1_0_0_6/4           1      0.75000000         -0.08397616                     0.01389724    -0.09330094                         0.00906353
    SCEL8_8_1_1_0_0_6/5           1      0.62500000         -0.05944894                     0.04384321    -0.06411809                         0.04112648
    SCEL8_8_1_1_0_0_6/6           1      0.50000000         -0.02658248                     0.08378260    -0.02267060                         0.08670970
    SCEL8_8_1_1_0_0_6/7           1      0.62500000         -0.08737419                     0.02665844    -0.08890852                         0.02587084
    SCEL8_8_1_1_0_0_6/8           1      0.62500000         -0.08593544                     0.02754382    -0.08241033                         0.02986972
    SCEL8_8_1_1_0_0_6/9           1      0.50000000         -0.05483212                     0.06494950    -0.05589744                         0.06455847
    SCEL8_8_1_1_0_0_6/10          1      0.50000000         -0.06603073                     0.05748376    -0.06723094                         0.05700281
    SCEL8_8_1_1_0_0_6/11          1      0.37500000         -0.02618075                     0.06459785    -0.02884598                         0.06372263
    SCEL8_8_1_1_0_0_6/12          1      0.62500000         -0.10591483                     0.01524881    -0.10400421                         0.01658118
    SCEL8_8_1_1_0_0_6/13          1      0.50000000         -0.06083748                     0.06094593    -0.06551757                         0.05814505
    SCEL8_8_1_1_0_0_6/14          1      0.50000000         -0.07104643                     0.05413997    -0.06849333                         0.05616121
    SCEL8_8_1_1_0_0_6/15          1      0.37500000         -0.03951722                     0.05489860    -0.03760566                         0.05735195
    SCEL8_8_1_1_0_0_6/16          1      0.37500000         -0.03308824                     0.05957422    -0.03842749                         0.05675426
    SCEL8_8_1_1_0_0_6/17          1      0.25000000         -0.01738335                     0.04829269    -0.01590363                         0.05143233
    SCEL8_8_1_1_0_0_6/18          1      0.50000000         -0.08489014                     0.04491082    -0.08354031                         0.04612989
    SCEL8_8_1_1_0_0_6/19          1      0.37500000         -0.02976081                     0.06199417    -0.03332689                         0.06046378
    SCEL8_8_1_1_0_0_6/20          1      0.37500000         -0.05676760                     0.04235287    -0.06039309                         0.04077927
    SCEL8_8_1_1_0_0_6/21          1      0.25000000         -0.02138806                     0.04508893    -0.01880323                         0.04911264
    SCEL8_8_1_1_0_0_6/22          1      0.25000000         -0.02325932                     0.04359191    -0.02434430                         0.04467979
    SCEL8_8_1_1_0_0_6/23          1      0.12500000         -0.00679732                     0.02851314    -0.00556170                         0.03409936
    SCEL8_8_1_1_0_0_7/0           1      0.87500000         -0.03306582                     0.02041050    -0.02446325                         0.02503662
    SCEL8_8_1_1_0_0_7/1           1      0.75000000         -0.01602345                     0.05272736    -0.01602282                         0.05322246
    SCEL8_8_1_1_0_0_7/2           1      0.75000000         -0.03815319                     0.04008179    -0.03458037                         0.04261814
    SCEL8_8_1_1_0_0_7/3           1      0.62500000         -0.02228039                     0.06671616    -0.02078143                         0.06779520
    SCEL8_8_1_1_0_0_7/4           1      0.75000000         -0.06740759                     0.02336500    -0.05670868                         0.02997339
    SCEL8_8_1_1_0_0_7/5           1      0.62500000         -0.02262699                     0.06650287    -0.02448191                         0.06551799
    SCEL8_8_1_1_0_0_7/6           1      0.50000000         -0.01957906                     0.08845154    -0.01410847                         0.09241779
    SCEL8_8_1_1_0_0_7/7           1      0.62500000         -0.03118646                     0.06123550    -0.03928638                         0.05640754
    SCEL8_8_1_1_0_0_7/8           1      0.62500000         -0.02486200                     0.06512747    -0.03626613                         0.05826615
    SCEL8_8_1_1_0_0_7/9           1      0.50000000         -0.01884416                     0.08894147    -0.02561165                         0.08474900
    SCEL8_8_1_1_0_0_7/10          1      0.50000000         -0.00810879                     0.09609839    -0.01020406                         0.09502072
    SCEL8_8_1_1_0_0_7/11          1      0.37500000         -0.00505550                     0.07996167    -0.00860910                         0.07844036
    SCEL8_8_1_1_0_0_7/12          1      0.62500000         -0.06840962                     0.03832894    -0.07111844                         0.03681858
    SCEL8_8_1_1_0_0_7/13          1      0.50000000         -0.04801412                     0.06949483    -0.05314011                         0.06639669
    SCEL8_8_1_1_0_0_7/14          1      0.50000000         -0.03515347                     0.07806860    -0.03526279                         0.07831490
    SCEL8_8_1_1_0_0_7/15          1      0.37500000         -0.03050070                     0.06145607    -0.02803380                         0.06431330
    SCEL8_8_1_1_0_0_7/16          1      0.37500000         -0.02548332                     0.06510507    -0.02523140                         0.06635142
    SCEL8_8_1_1_0_0_7/17          1      0.25000000         -0.02154677                     0.04496195    -0.01700734                         0.05054936
    SCEL8_8_1_1_0_0_7/18          1      0.50000000         -0.02950600                     0.08183359    -0.03723364                         0.07700101
    SCEL8_8_1_1_0_0_7/19          1      0.37500000         -0.02336396                     0.06664642    -0.02331218                         0.06774721
    SCEL8_8_1_1_0_0_7/20          1      0.37500000         -0.00542147                     0.07969551    -0.00452244                         0.08141247
    SCEL8_8_1_1_0_0_7/21          1      0.25000000         -0.01132908                     0.05313611    -0.00945408                         0.05659196
    SCEL8_8_1_1_0_0_7/22          1      0.25000000         -0.00492644                     0.05825822    -0.00326953                         0.06153960
    SCEL8_8_1_1_0_0_7/23          1      0.12500000         -0.00360114                     0.03135419    -0.00637454                         0.03337683
    SCEL8_8_1_1_0_1_0/0           1      0.87500000         -0.03853707                     0.01749250    -0.04056004                         0.01645167
    SCEL8_8_1_1_0_1_0/1           1      0.75000000         -0.03787641                     0.04023995    -0.03857738                         0.04033414
    SCEL8_8_1_1_0_1_0/2           1      0.75000000         -0.04002867                     0.03901009    -0.04585385                         0.03617615
    SCEL8_8_1_1_0_1_0/3           1      0.62500000         -0.02963931                     0.06218759    -0.03002549                         0.06210655
    SCEL8_8_1_1_0_1_0/4           1      0.75000000         -0.08252580                     0.01472602    -0.07932168                         0.01705168
    SCEL8_8_1_1_0_1_0/5           1      0.62500000         -0.04428546                     0.05317457    -0.04946606                         0.05014312
    SCEL8_8_1_1_0_1_0/6           1      0.50000000         -0.03181341                     0.08029531    -0.03076397                         0.08131412
    SCEL8_8_1_1_0_1_0/7           1      0.62500000         -0.06610179                     0.03974914    -0.06449280                         0.04089590
    SCEL8_8_1_1_0_1_0/8           1      0.62500000         -0.05140241                     0.04879491    -0.04501237                         0.05288385
    SCEL8_8_1_1_0_1_0/9           1      0.50000000         -0.03248699                     0.07984625    -0.03047792                         0.08150482
    SCEL8_8_1_1_0_1_0/10          1      0.50000000         -0.04008856                     0.07477854    -0.04585787                         0.07125152
    SCEL8_8_1_1_0_1_0/11          1      0.37500000         -0.01134540                     0.07538719    -0.01639845                         0.07277538
    SCEL8_8_1_1_0_1_0/12          1      0.62500000         -0.08297805                     0.02936375    -0.08566647                         0.02786595
    SCEL8_8_1_1_0_1_0/13          1      0.50000000         -0.05917327                     0.06205541    -0.06298450                         0.05983377
    SCEL8_8_1_1_0_1_0/14          1      0.50000000         -0.05978997                     0.06164427    -0.05566817                         0.06471132
    SCEL8_8_1_1_0_1_0/15          1      0.37500000         -0.05088455                     0.04663145    -0.04459889                         0.05226596
    SCEL8_8_1_1_0_1_0/16          1      0.37500000         -0.03923830                     0.05510145    -0.03990592                         0.05567903
    SCEL8_8_1_1_0_1_0/17          1      0.25000000         -0.02460954                     0.04251174    -0.02140803                         0.04702881
    SCEL8_8_1_1_0_1_0/18          1      0.50000000         -0.06307382                     0.05945504    -0.06774463                         0.05666034
    SCEL8_8_1_1_0_1_0/19          1      0.37500000         -0.02525640                     0.06527010    -0.02392058                         0.06730474
    SCEL8_8_1_1_0_1_0/20          1      0.37500000         -0.05452291                     0.04398537    -0.05530594                         0.04447902
    SCEL8_8_1_1_0_1_0/21          1      0.25000000         -0.02460277                     0.04251715    -0.02381284                         0.04510496
    SCEL8_8_1_1_0_1_0/22          1      0.25000000         -0.04735176                     0.02431796    -0.04541885                         0.02782015
    SCEL8_8_1_1_0_1_0/23          1      0.12500000         -0.01806878                     0.01849407    -0.02021953                         0.02107018
    SCEL8_8_1_1_0_4_3/0           1      0.87500000         -0.02732269                     0.02347350    -0.02145388                         0.02664162
    SCEL8_8_1_1_0_4_3/1           1      0.75000000         -0.04970039                     0.03348340    -0.04536672                         0.03645451
    SCEL8_8_1_1_0_4_3/2           1      0.75000000         -0.00765481                     0.05750944    -0.00938228                         0.05701705
    SCEL8_8_1_1_0_4_3/3           1      0.62500000         -0.04807710                     0.05084126    -0.04632846                         0.05207395
    SCEL8_8_1_1_0_4_3/4           1      0.62500000         -0.03553172                     0.05856149    -0.04163046                         0.05496503
    SCEL8_8_1_1_0_4_3/5           1      0.50000000         -0.06300308                     0.05950220    -0.06308000                         0.05977010
    SCEL8_8_1_1_0_4_3/6           1      0.62500000         -0.04341632                     0.05370943    -0.04847501                         0.05075300
    SCEL8_8_1_1_0_4_3/7           1      0.62500000         -0.01365317                     0.07202521    -0.01663368                         0.07034766
    SCEL8_8_1_1_0_4_3/8           1      0.50000000         -0.04647536                     0.07052068    -0.04328390                         0.07296750
    SCEL8_8_1_1_0_4_3/9           1      0.50000000         -0.03033165                     0.08128315    -0.03531654                         0.07827907
    SCEL8_8_1_1_0_4_3/10          1      0.37500000         -0.05176956                     0.04598781    -0.05717338                         0.04312088
    SCEL8_8_1_1_0_4_3/11          1      0.50000000         -0.04494072                     0.07154377    -0.04879276                         0.06929493
    SCEL8_8_1_1_0_4_3/12          1      0.37500000         -0.06919739                     0.03331302    -0.06595161                         0.03673672
    SCEL8_8_1_1_0_4_3/13          1      0.37500000         -0.03651522                     0.05708187    -0.02898160                         0.06362400
    SCEL8_8_1_1_0_4_3/14          1      0.25000000         -0.04997847                     0.02221659    -0.04920016                         0.02479511
    SCEL8_8_1_1_0_4_3/15          1      0.37500000         -0.05441505                     0.04406381    -0.05005574                         0.04829735
    SCEL8_8_1_1_0_4_3/16          1      0.25000000         -0.06719520                     0.00844321    -0.06613118                         0.01125028
    SCEL8_8_1_1_0_4_3/17          1      0.12500000         -0.03318836                     0.00505444    -0.03886435                         0.00449701
    SCEL8_8_1_1_0_5_2/0           1      0.87500000         -0.04971455                     0.01153118    -0.05278769                         0.00993026
    SCEL8_8_1_1_0_5_2/1           1      0.75000000         -0.07462497                     0.01924078    -0.07616995                         0.01885266
    SCEL8_8_1_1_0_5_2/2           1      0.75000000         -0.08000258                     0.01616786    -0.07020015                         0.02226398
    SCEL8_8_1_1_0_5_2/3           1      0.62500000         -0.05675456                     0.04550128    -0.05082393                         0.04930751
    SCEL8_8_1_1_0_5_2/4           1      0.75000000         -0.10377156                     0.00258558    -0.10396754                         0.00296833
    SCEL8_8_1_1_0_5_2/5           1      0.62500000         -0.09814148                     0.02003241    -0.09219518                         0.02384828
    SCEL8_8_1_1_0_5_2/6           1      0.50000000         -0.04461945                     0.07175795    -0.04164163                         0.07406235
    SCEL8_8_1_1_0_5_2/8           1      0.62500000         -0.03346549                     0.05983302    -0.04428931                         0.05332882
    SCEL8_8_1_1_0_5_2/9           1      0.50000000         -0.04876361                     0.06899518    -0.05035717                         0.06825198
    SCEL8_8_1_1_0_5_2/10          1      0.50000000         -0.10388932                     0.03224470    -0.10420622                         0.03235262
    SCEL8_8_1_1_0_5_2/11          1      0.37500000         -0.03415869                     0.05879571    -0.03202985                         0.06140708
    SCEL8_8_1_1_0_5_2/12          1      0.62500000         -0.12355070                     0.00439597    -0.11635661                         0.00897970
    SCEL8_8_1_1_0_5_2/13          1      0.50000000         -0.07971580                     0.04836038    -0.08342087                         0.04620952
    SCEL8_8_1_1_0_5_2/14          1      0.50000000         -0.07986446                     0.04826127    -0.08054716                         0.04812532
    SCEL8_8_1_1_0_5_2/15          1      0.37500000         -0.04595291                     0.05021810    -0.04423958                         0.05252728
    SCEL8_8_1_1_0_5_2/16          1      0.37500000         -0.09051272                     0.01781096    -0.09462952                         0.01588005
    SCEL8_8_1_1_0_5_2/17          1      0.25000000         -0.03964940                     0.03047985    -0.03595553                         0.03539081
    SCEL8_8_1_1_0_5_2/18          1      0.50000000         -0.10360926                     0.03243141    -0.10634323                         0.03092794
    SCEL8_8_1_1_0_5_2/19          1      0.37500000         -0.05466114                     0.04388484    -0.04735662                         0.05026034
    SCEL8_8_1_1_0_5_2/20          1      0.37500000         -0.07666339                     0.02788320    -0.08081018                         0.02593048
    SCEL8_8_1_1_0_5_2/21          1      0.25000000         -0.03576738                     0.03358547    -0.03136998                         0.03905925
    SCEL8_8_1_1_0_5_2/22          1      0.25000000         -0.05081061                     0.02155089    -0.04700077                         0.02655462
    SCEL8_8_1_1_0_5_2/23          1      0.12500000         -0.02659975                     0.01091098    -0.02513055                         0.01670483
