#                  name    selected         comp(a)    formation_energy    hull_dist(MASTER,atom_frac)        clex()    clex_hull_dist(MASTER,atom_frac)
    SCEL1_1_1_1_0_0_0/0           1      1.00000000         -0.00000000                     0.00000000    0.00640449                          0.00000000
    SCEL1_1_1_1_0_0_0/1           1      0.00000000         0.00000000                      0.00000000    -0.01008506                         0.00000000
    SCEL2_2_1_1_0_0_1/0           1      0.50000000         -0.03362458                     0.07908787    -0.03008977                         0.07820162
    SCEL2_2_1_1_0_1_1/0           1      0.50000000         -0.05306719                     0.06612613    -0.05179497                         0.06373148
    SCEL3_3_1_1_0_0_2/0           1      0.66666667         -0.07657772                     0.02815741    -0.08170072                         0.02398055
    SCEL3_3_1_1_0_0_2/1           1      0.33333333         -0.00247946                     0.07507910    0.00167619                          0.07747450
    SCEL3_3_1_1_0_2_1/0           1      0.66666667         -0.11653362                     0.00418387    -0.11523494                         0.00386002
    SCEL3_3_1_1_0_2_1/1           1      0.33333333         -0.07168021                     0.02317854    -0.06952743                         0.02407179
    SCEL3_3_1_1_0_2_2/0           1      0.66666667         0.00297396                      0.07588842    0.00335752                          0.07501550
    SCEL3_3_1_1_0_2_2/1           1      0.33333333         -0.01113396                     0.06858823    -0.01265139                         0.06672882
    SCEL4_2_2_1_0_1_0/0           1      0.75000000         -0.09173820                     0.00946179    -0.09620774                         0.00719921
    SCEL4_2_2_1_0_1_0/1           1      0.25000000         -0.02685051                     0.04071896    -0.02576432                         0.04237944
    SCEL4_2_2_1_1_1_0/0           1      0.75000000         0.03072950                      0.07944333    0.02706465                          0.07764058
    SCEL4_2_2_1_1_1_0/1           1      0.25000000         -0.06100486                     0.01339548    -0.05900276                         0.01578869
    SCEL4_4_1_1_0_0_0/0           1      0.75000000         -0.04503584                     0.03614885    -0.03134125                         0.04426578
    SCEL4_4_1_1_0_0_0/1           1      0.50000000         0.00084257                      0.10206597    0.00102358                          0.09894384
    SCEL4_4_1_1_0_0_0/2           1      0.25000000         -0.00705429                     0.05655594    -0.00457633                         0.05932984
    SCEL4_4_1_1_0_0_2/0           1      0.75000000         -0.10660828                     0.00096460    -0.10822592                         0.00033168
    SCEL4_4_1_1_0_0_2/1           1      0.50000000         -0.06309656                     0.05943987    -0.06268845                         0.05646916
    SCEL4_4_1_1_0_0_2/2           1      0.25000000         -0.01161094                     0.05291062    -0.00830704                         0.05634527
    SCEL4_4_1_1_0_0_3/0           1      0.75000000         -0.02977428                     0.04486974    -0.03525738                         0.04202799
    SCEL4_4_1_1_0_0_3/1           1      0.50000000         -0.03937695                     0.07525295    -0.03557992                         0.07454151
    SCEL4_4_1_1_0_0_3/2           1      0.25000000         -0.01638868                     0.04908843    -0.02014257                         0.04687685
    SCEL4_4_1_1_0_1_0/0           1      0.75000000         -0.06269318                     0.02605895    -0.06617709                         0.02435959
    SCEL4_4_1_1_0_1_0/1           1      0.50000000         -0.04704055                     0.07014388    -0.05583844                         0.06103583
    SCEL4_4_1_1_0_1_0/2           1      0.25000000         -0.01975622                     0.04639440    -0.01863620                         0.04808194
    SCEL4_4_1_1_0_2_1/0           1      0.75000000         -0.05610181                     0.02982544    -0.05220322                         0.03234465
    SCEL4_4_1_1_0_2_1/1           1      0.50000000         -0.15225637                     0.00000000    -0.14739219                         0.00000000
    SCEL4_4_1_1_0_2_1/2           1      0.25000000         -0.07774921                     0.00000000    -0.07854284                         0.00015663
    SCEL5_1_1_5_0_0_0/0           1      0.80000000         -0.01392118                     0.04578569    -0.02126255                         0.04321487
    SCEL5_1_1_5_0_0_0/1           1      0.60000000         -0.01006549                     0.07808819    -0.01694681                         0.07188191
    SCEL5_1_1_5_0_0_0/2           1      0.60000000         -0.02458047                     0.06901632    -0.02287263                         0.06817827
    SCEL5_1_1_5_0_0_0/3           1      0.40000000         -0.02586996                     0.06898825    -0.02744235                         0.06606315
    SCEL5_1_1_5_0_0_0/4           1      0.40000000         0.00552708                      0.09141470    0.00659888                          0.09037832
    SCEL5_1_1_5_0_0_0/5           1      0.20000000         -0.00723104                     0.04580694    -0.00558449                         0.04951952
    SCEL5_5_1_1_0_0_3/0           1      0.80000000         -0.06582601                     0.01694968    -0.07613104                         0.01273238
    SCEL5_5_1_1_0_0_3/1           1      0.60000000         -0.10341008                     0.01974782    -0.09664509                         0.02207048
    SCEL5_5_1_1_0_0_3/2           1      0.60000000         -0.06946094                     0.04096603    -0.06020863                         0.04484327
    SCEL5_5_1_1_0_0_3/3           1      0.40000000         -0.04905737                     0.05242581    -0.05096656                         0.04926015
    SCEL5_5_1_1_0_0_3/4           1      0.40000000         -0.01835377                     0.07435695    -0.02629567                         0.06688221
    SCEL5_5_1_1_0_0_3/5           1      0.20000000         -0.00070143                     0.05124828    0.00016254                          0.05430871
    SCEL5_5_1_1_0_0_4/0           1      0.80000000         -0.05730478                     0.02168370    -0.04053678                         0.03250697
    SCEL5_5_1_1_0_0_4/1           1      0.60000000         -0.06313958                     0.04491688    -0.06551756                         0.04152519
    SCEL5_5_1_1_0_0_4/2           1      0.60000000         -0.00780675                     0.07949990    -0.01680433                         0.07197096
    SCEL5_5_1_1_0_0_4/3           1      0.40000000         -0.00653565                     0.08279847    -0.00731086                         0.08044279
    SCEL5_5_1_1_0_0_4/4           1      0.40000000         -0.03432986                     0.06294547    -0.03570001                         0.06016483
    SCEL5_5_1_1_0_0_4/5           1      0.20000000         -0.00608567                     0.04676142    -0.00452366                         0.05040354
    SCEL5_5_1_1_0_1_3/0           1      0.80000000         -0.08686661                     0.00526046    -0.08991133                         0.00507666
    SCEL5_5_1_1_0_1_3/1           1      0.60000000         -0.12077771                     0.00889305    -0.11709266                         0.00929075
    SCEL5_5_1_1_0_1_3/2           1      0.40000000         -0.08110683                     0.02953334    -0.08749852                         0.02316589
    SCEL5_5_1_1_0_1_3/3           1      0.20000000         -0.03249201                     0.02475613    -0.03402095                         0.02582247
    SCEL5_5_1_1_0_4_3/0           1      0.80000000         -0.05605169                     0.02237986    -0.05612515                         0.02384676
    SCEL5_5_1_1_0_4_3/1           1      0.60000000         -0.06562321                     0.04336461    -0.06830624                         0.03978226
    SCEL5_5_1_1_0_4_3/2           1      0.60000000         -0.02911021                     0.06618524    -0.03156941                         0.06274278
    SCEL5_5_1_1_0_4_3/3           1      0.40000000         -0.04373994                     0.05622398    -0.04755166                         0.05169936
    SCEL5_5_1_1_0_4_3/4           1      0.40000000         -0.02287384                     0.07112834    -0.02939883                         0.06466566
    SCEL5_5_1_1_0_4_3/5           1      0.20000000         -0.04059812                     0.01800104    -0.03649791                         0.02375833
    SCEL6_2_3_1_0_1_0/0           1      0.83333333         -0.05572074                     0.01780405    -0.05938770                         0.01808560
    SCEL6_2_3_1_0_1_0/1           1      0.66666667         -0.08997613                     0.02011836    -0.08525455                         0.02184825
    SCEL6_2_3_1_0_1_0/2           1      0.66666667         -0.07440507                     0.02946100    -0.07433124                         0.02840224
    SCEL6_2_3_1_0_1_0/3           1      0.50000000         -0.05785490                     0.06293431    -0.05761691                         0.05985019
    SCEL6_2_3_1_0_1_0/4           1      0.50000000         -0.03580498                     0.07763426    -0.03254819                         0.07656267
    SCEL6_2_3_1_0_1_0/5           1      0.33333333         -0.01423816                     0.06626008    -0.01627540                         0.06401081
    SCEL6_2_3_1_0_1_0/6           1      0.33333333         -0.01564454                     0.06520529    -0.01373295                         0.06591765
    SCEL6_2_3_1_0_1_0/7           1      0.16666667         -0.00566128                     0.03957559    -0.00272359                         0.04554044
    SCEL6_3_1_2_0_0_0/0           1      0.83333333         -0.06066747                     0.01510583    -0.06268274                         0.01628830
    SCEL6_3_1_2_0_0_0/1           1      0.66666667         -0.07961534                     0.02633484    -0.07915930                         0.02550540
    SCEL6_3_1_2_0_0_0/2           1      0.66666667         -0.09001954                     0.02009232    -0.08470167                         0.02217998
    SCEL6_3_1_2_0_0_0/3           1      0.50000000         -0.04967265                     0.06838915    -0.05250105                         0.06326076
    SCEL6_3_1_2_0_0_0/4           1      0.50000000         -0.03585752                     0.07759924    -0.03118561                         0.07747105
    SCEL6_3_1_2_0_0_0/5           1      0.33333333         -0.01026682                     0.06923859    -0.00851562                         0.06983065
    SCEL6_3_1_2_0_0_0/6           1      0.33333333         -0.01909682                     0.06261608    -0.02063546                         0.06074077
    SCEL6_3_1_2_0_0_0/7           1      0.16666667         -0.01254755                     0.03367308    -0.00345241                         0.04491574
    SCEL6_3_1_2_0_0_2/0           1      0.83333333         -0.04221295                     0.02517194    -0.05921016                         0.01818244
    SCEL6_3_1_2_0_0_2/1           1      0.66666667         -0.05663071                     0.04012562    -0.05358851                         0.04084787
    SCEL6_3_1_2_0_0_2/2           1      0.66666667         -0.08408574                     0.02365260    -0.08036233                         0.02478358
    SCEL6_3_1_2_0_0_2/3           1      0.50000000         -0.05318474                     0.06604775    -0.05221967                         0.06344835
    SCEL6_3_1_2_0_0_2/4           1      0.50000000         -0.04134694                     0.07393962    -0.04745586                         0.06662422
    SCEL6_3_1_2_0_0_2/5           1      0.33333333         -0.02665309                     0.05694888    -0.02710694                         0.05588715
    SCEL6_3_1_2_0_0_2/6           1      0.33333333         -0.02523045                     0.05801586    -0.02197889                         0.05973320
    SCEL6_3_1_2_0_0_2/7           1      0.16666667         -0.00152156                     0.04312393    -0.00005582                         0.04782710
    SCEL6_3_1_2_0_2_2/0           1      0.83333333         -0.06259625                     0.01405377    -0.06271732                         0.01626944
    SCEL6_3_1_2_0_2_2/1           1      0.66666667         -0.04446676                     0.04742399    -0.04513557                         0.04591964
    SCEL6_3_1_2_0_2_2/2           1      0.66666667         -0.09563860                     0.01672089    -0.09591484                         0.01545208
    SCEL6_3_1_2_0_2_2/3           1      0.50000000         -0.03837497                     0.07592093    -0.04069274                         0.07113297
    SCEL6_3_1_2_0_2_2/4           1      0.50000000         -0.07898684                     0.04884635    -0.07615371                         0.04749232
    SCEL6_3_1_2_0_2_2/5           1      0.33333333         -0.01837388                     0.06315829    -0.02210038                         0.05964207
    SCEL6_3_1_2_0_2_2/6           1      0.33333333         -0.02510181                     0.05811234    -0.02554978                         0.05705503
    SCEL6_3_1_2_0_2_2/7           1      0.16666667         -0.00970678                     0.03610802    -0.00871271                         0.04040691
    SCEL6_3_2_1_0_1_2/0           1      0.83333333         -0.08836150                     0.00000000    -0.09254463                         0.00000000
    SCEL6_3_2_1_0_1_2/1           1      0.66666667         -0.10662722                     0.01012771    -0.10362680                         0.01082490
    SCEL6_3_2_1_0_1_2/2           1      0.66666667         -0.11362864                     0.00592686    -0.11792029                         0.00224881
    SCEL6_3_2_1_0_1_2/3           1      0.50000000         -0.11194141                     0.02687664    -0.11380811                         0.02238938
    SCEL6_3_2_1_0_1_2/4           1      0.50000000         -0.08618723                     0.04404609    -0.07468512                         0.04847138
    SCEL6_3_2_1_0_1_2/5           1      0.33333333         -0.05118288                     0.03855154    -0.05849668                         0.03234485
    SCEL6_3_2_1_0_1_2/6           1      0.33333333         -0.00298822                     0.07469754    -0.00732902                         0.07072059
    SCEL6_3_2_1_0_1_2/7           1      0.16666667         -0.01031733                     0.03558470    -0.00737944                         0.04154971
    SCEL6_6_1_1_0_0_5/0           1      0.83333333         -0.03722839                     0.02789079    -0.03255958                         0.03271912
    SCEL6_6_1_1_0_0_5/1           1      0.66666667         -0.02054592                     0.06177649    -0.02412568                         0.05852557
    SCEL6_6_1_1_0_0_5/2           1      0.66666667         -0.02407328                     0.05966008    -0.03679158                         0.05092604
    SCEL6_6_1_1_0_0_5/3           1      0.50000000         -0.01268788                     0.09304566    -0.02003366                         0.08490569
    SCEL6_6_1_1_0_0_5/4           1      0.50000000         -0.03626183                     0.07732970    -0.03672924                         0.07377530
    SCEL6_6_1_1_0_0_5/5           1      0.33333333         -0.03133393                     0.05343825    -0.01993770                         0.06126409
    SCEL6_6_1_1_0_0_5/6           1      0.33333333         -0.01858718                     0.06299831    -0.01989791                         0.06129393
    SCEL6_6_1_1_0_0_5/7           1      0.16666667         -0.00763236                     0.03788610    -0.00529691                         0.04333474
    SCEL6_6_1_1_0_1_0/0           1      0.83333333         -0.05312191                     0.01922160    -0.05493568                         0.02051397
    SCEL6_6_1_1_0_1_0/1           1      0.66666667         -0.05184693                     0.04299588    -0.04629732                         0.04522259
    SCEL6_6_1_1_0_1_0/2           1      0.66666667         -0.05131098                     0.04331745    -0.05106592                         0.04236143
    SCEL6_6_1_1_0_1_0/3           1      0.50000000         -0.01574693                     0.09100630    -0.01620771                         0.08745632
    SCEL6_6_1_1_0_1_0/4           1      0.50000000         -0.07196546                     0.05352728    -0.07033241                         0.05137319
    SCEL6_6_1_1_0_1_0/5           1      0.33333333         -0.04062529                     0.04646973    -0.03429548                         0.05049575
    SCEL6_6_1_1_0_1_0/6           1      0.33333333         -0.02568352                     0.05767606    -0.02656420                         0.05629421
    SCEL6_6_1_1_0_1_0/7           1      0.16666667         -0.02437557                     0.02353478    -0.02937941                         0.02269259
    SCEL6_6_1_1_0_1_4/0           1      0.83333333         -0.07157454                     0.00915653    -0.07068101                         0.01192561
    SCEL6_6_1_1_0_1_4/1           1      0.66666667         -0.11693225                     0.00394470    -0.11178015                         0.00593289
    SCEL6_6_1_1_0_1_4/2           1      0.66666667         -0.04418270                     0.04759442    -0.04593713                         0.04543870
    SCEL6_6_1_1_0_1_4/3           1      0.50000000         -0.05416483                     0.06539436    -0.05750601                         0.05992412
    SCEL6_6_1_1_0_1_4/4           1      0.50000000         -0.07864207                     0.04907620    -0.08171600                         0.04378413
    SCEL6_6_1_1_0_1_4/5           1      0.33333333         -0.01172924                     0.06814177    -0.01711862                         0.06337839
    SCEL6_6_1_1_0_1_4/6           1      0.33333333         -0.05562590                     0.03521927    -0.05379122                         0.03587395
    SCEL6_6_1_1_0_1_4/7           1      0.16666667         -0.02339373                     0.02437635    -0.01997280                         0.03075540
    SCEL6_6_1_1_0_3_2/0           1      0.83333333         -0.03888605                     0.02698661    -0.03713315                         0.03022444
    SCEL6_6_1_1_0_3_2/1           1      0.66666667         -0.06275188                     0.03645291    -0.06830099                         0.03202039
    SCEL6_6_1_1_0_3_2/2           1      0.66666667         -0.01943364                     0.06244386    -0.02000617                         0.06099728
    SCEL6_6_1_1_0_3_2/3           1      0.50000000         -0.07948790                     0.04851232    -0.07904976                         0.04556162
    SCEL6_6_1_1_0_3_2/4           1      0.50000000         -0.04683483                     0.07028103    -0.04665925                         0.06715529
    SCEL6_6_1_1_0_3_2/5           1      0.33333333         -0.07199977                     0.02293887    -0.07534248                         0.01971050
    SCEL6_6_1_1_0_3_2/6           1      0.33333333         -0.05948752                     0.03232306    -0.05836995                         0.03243990
    SCEL6_6_1_1_0_3_2/7           1      0.16666667         -0.03685401                     0.01283897    -0.04311395                         0.01092013
    SCEL6_6_1_1_0_5_5/0           1      0.83333333         -0.02356796                     0.03534193    -0.01665138                         0.04139632
    SCEL6_6_1_1_0_5_5/1           1      0.66666667         -0.00899322                     0.06870811    -0.01588515                         0.06346989
    SCEL6_6_1_1_0_5_5/2           1      0.66666667         -0.04171469                     0.04907523    -0.03669527                         0.05098382
    SCEL6_6_1_1_0_5_5/3           1      0.50000000         -0.01800171                     0.08950311    -0.01424384                         0.08876556
    SCEL6_6_1_1_0_5_5/4           1      0.50000000         -0.01000280                     0.09483572    -0.00952180                         0.09191359
    SCEL6_6_1_1_0_5_5/5           1      0.33333333         0.00183524                      0.07831513    0.00389621                          0.07913951
    SCEL6_6_1_1_0_5_5/6           1      0.33333333         -0.02229916                     0.06021433    -0.01959382                         0.06152200
    SCEL6_6_1_1_0_5_5/7           1      0.16666667         -0.00574848                     0.03950085    -0.00633459                         0.04244530
    SCEL7_7_1_1_0_0_0/0           1      0.85714286         -0.01538087                     0.03405850    -0.01335768                         0.03560522
    SCEL7_7_1_1_0_0_0/1           1      0.71428571         -0.02146421                     0.05473320    -0.01647035                         0.05707816
    SCEL7_7_1_1_0_0_0/2           1      0.71428571         -0.01524558                     0.05836073    -0.01270091                         0.05927700
    SCEL7_7_1_1_0_0_0/3           1      0.57142857         0.00079157                      0.08955333    0.00202384                          0.08806732
    SCEL7_7_1_1_0_0_0/4           1      0.71428571         -0.01887973                     0.05624082    -0.02873134                         0.04992592
    SCEL7_7_1_1_0_0_0/5           1      0.57142857         -0.02728608                     0.07168574    -0.02629690                         0.07004503
    SCEL7_7_1_1_0_0_0/6           1      0.42857143         -0.00559505                     0.08776149    -0.00483712                         0.08605783
    SCEL7_7_1_1_0_0_0/7           1      0.57142857         -0.02054069                     0.07597826    -0.02690342                         0.06965906
    SCEL7_7_1_1_0_0_0/8           1      0.57142857         -0.00311618                     0.08706659    -0.00948726                         0.08074208
    SCEL7_7_1_1_0_0_0/9           1      0.42857143         -0.00466263                     0.08841419    -0.00469376                         0.08615819
    SCEL7_7_1_1_0_0_0/10          1      0.42857143         -0.03222530                     0.06912032    -0.03440024                         0.06536365
    SCEL7_7_1_1_0_0_0/11          1      0.28571429         -0.00800192                     0.06252647    -0.00803707                         0.06261827
    SCEL7_7_1_1_0_0_0/12          1      0.42857143         -0.01560519                     0.08075439    -0.01358289                         0.07993580
    SCEL7_7_1_1_0_0_0/13          1      0.28571429         0.00274485                      0.07088507    0.00189888                          0.07034624
    SCEL7_7_1_1_0_0_0/14          1      0.28571429         -0.01890358                     0.05404740    -0.01816858                         0.05473821
    SCEL7_7_1_1_0_0_0/15          1      0.14285714         -0.00445062                     0.03498031    -0.00687037                         0.03713964
    SCEL7_7_1_1_0_0_6/0           1      0.85714286         -0.02922978                     0.02660139    -0.02712498                         0.02819205
    SCEL7_7_1_1_0_0_6/1           1      0.71428571         -0.04890072                     0.03872857    -0.04060680                         0.04299856
    SCEL7_7_1_1_0_0_6/2           1      0.71428571         -0.05419922                     0.03563778    -0.05529337                         0.03443140
    SCEL7_7_1_1_0_0_6/3           1      0.57142857         -0.05432284                     0.05448053    -0.05552703                         0.05144404
    SCEL7_7_1_1_0_0_6/4           1      0.71428571         -0.02426238                     0.05310094    -0.01989593                         0.05507990
    SCEL7_7_1_1_0_0_6/6           1      0.42857143         -0.01311720                     0.08249599    -0.01395082                         0.07967825
    SCEL7_7_1_1_0_0_6/7           1      0.57142857         -0.02626479                     0.07233565    -0.02611118                         0.07016322
    SCEL7_7_1_1_0_0_6/8           1      0.57142857         -0.05602606                     0.05339666    -0.05534598                         0.05155926
    SCEL7_7_1_1_0_0_6/9           1      0.42857143         -0.03388939                     0.06795546    -0.04044412                         0.06113294
    SCEL7_7_1_1_0_0_6/10          1      0.42857143         -0.00793202                     0.08612561    -0.00902456                         0.08312663
    SCEL7_7_1_1_0_0_6/11          1      0.28571429         -0.01069357                     0.06043296    -0.00903990                         0.06183830
    SCEL7_7_1_1_0_0_6/12          1      0.42857143         -0.02130643                     0.07676353    -0.01961302                         0.07571471
    SCEL7_7_1_1_0_0_6/14          1      0.28571429         -0.02326320                     0.05065658    -0.01866188                         0.05435453
    SCEL7_7_1_1_0_0_6/15          1      0.14285714         -0.00565537                     0.03392615    -0.00611263                         0.03780266
    SCEL7_7_1_1_0_2_4/0           1      0.85714286         -0.05470003                     0.01288664    -0.06064012                         0.01014544
    SCEL7_7_1_1_0_2_4/1           1      0.71428571         -0.08960033                     0.01498713    -0.08124863                         0.01929083
    SCEL7_7_1_1_0_2_4/2           1      0.71428571         -0.08519002                     0.01755981    -0.08741003                         0.01569668
    SCEL7_7_1_1_0_2_4/3           1      0.57142857         -0.07743758                     0.03977115    -0.07570664                         0.03860247
    SCEL7_7_1_1_0_2_4/4           1      0.71428571         -0.08566289                     0.01728397    -0.08655021                         0.01619824
    SCEL7_7_1_1_0_2_4/5           1      0.57142857         -0.07770434                     0.03960139    -0.07625858                         0.03825123
    SCEL7_7_1_1_0_2_4/6           1      0.42857143         -0.06470057                     0.04638763    -0.05997588                         0.04746070
    SCEL7_7_1_1_0_2_4/7           1      0.57142857         -0.07449110                     0.04164618    -0.06907315                         0.04282378
    SCEL7_7_1_1_0_2_4/8           1      0.57142857         -0.11422595                     0.01636037    -0.11670614                         0.01251188
    SCEL7_7_1_1_0_2_4/9           1      0.42857143         -0.06337176                     0.04731779    -0.06726006                         0.04236178
    SCEL7_7_1_1_0_2_4/10          1      0.42857143         -0.03073100                     0.07016633    -0.03310939                         0.06626725
    SCEL7_7_1_1_0_2_4/11          1      0.28571429         -0.03717537                     0.03983601    -0.03784472                         0.03943454
    SCEL7_7_1_1_0_2_4/12          1      0.42857143         -0.10602415                     0.01746112    -0.10471653                         0.01614225
    SCEL7_7_1_1_0_2_4/13          1      0.28571429         -0.07597234                     0.00966059    -0.07172142                         0.01308600
    SCEL7_7_1_1_0_2_4/14          1      0.28571429         -0.03085190                     0.04475426    -0.02665445                         0.04813809
    SCEL7_7_1_1_0_2_4/15          1      0.14285714         -0.02770341                     0.01463412    -0.02568866                         0.02067363
    SCEL7_7_1_1_0_3_5/0           1      0.85714286         -0.07477186                     0.00207873    -0.07332907                         0.00331293
    SCEL7_7_1_1_0_3_5/1           1      0.71428571         -0.10604293                     0.00539562    -0.10473101                         0.00559277
    SCEL7_7_1_1_0_3_5/2           1      0.57142857         -0.10062522                     0.02501538    -0.09876753                         0.02392736
    SCEL7_7_1_1_0_3_5/3           1      0.57142857         -0.09637300                     0.02772133    -0.09538257                         0.02608143
    SCEL7_7_1_1_0_3_5/4           1      0.42857143         -0.07000831                     0.04267221    -0.07253436                         0.03866977
    SCEL7_7_1_1_0_3_5/5           1      0.42857143         -0.04534488                     0.05993661    -0.05344862                         0.05202979
    SCEL7_7_1_1_0_3_5/6           1      0.28571429         -0.02123050                     0.05223757    -0.02462513                         0.04971645
    SCEL7_7_1_1_0_3_5/7           1      0.14285714         0.00204934                      0.04066778    0.00206552                          0.04495854
    SCEL7_7_1_1_0_3_6/0           1      0.85714286         -0.06701788                     0.00625395    -0.05704224                         0.01208276
    SCEL7_7_1_1_0_3_6/1           1      0.71428571         -0.04840294                     0.03901895    -0.04597073                         0.03986960
    SCEL7_7_1_1_0_3_6/2           1      0.71428571         -0.07325156                     0.02452391    -0.08003009                         0.02000164
    SCEL7_7_1_1_0_3_6/3           1      0.57142857         -0.03107087                     0.06927724    -0.03345488                         0.06548996
    SCEL7_7_1_1_0_3_6/4           1      0.71428571         -0.11529256                     0.00000000    -0.11192180                         0.00139814
    SCEL7_7_1_1_0_3_6/5           1      0.57142857         -0.08346367                     0.03593637    -0.07998198                         0.03588180
    SCEL7_7_1_1_0_3_6/6           1      0.42857143         -0.03778710                     0.06522706    -0.03302147                         0.06632879
    SCEL7_7_1_1_0_3_6/7           1      0.57142857         -0.08594345                     0.03435833    -0.08691712                         0.03146853
    SCEL7_7_1_1_0_3_6/8           1      0.57142857         -0.09051646                     0.03144822    -0.08369609                         0.03351828
    SCEL7_7_1_1_0_3_6/9           1      0.42857143         -0.04196758                     0.06230073    -0.04888200                         0.05522642
    SCEL7_7_1_1_0_3_6/10          1      0.42857143         -0.06390930                     0.04694152    -0.06639854                         0.04296484
    SCEL7_7_1_1_0_3_6/11          1      0.28571429         -0.01891588                     0.05403783    -0.02050551                         0.05292060
    SCEL7_7_1_1_0_3_6/12          1      0.42857143         -0.05218296                     0.05514995    -0.05296342                         0.05236942
    SCEL7_7_1_1_0_3_6/13          1      0.28571429         -0.01764471                     0.05502652    -0.01405153                         0.05794036
    SCEL7_7_1_1_0_3_6/14          1      0.28571429         -0.03332510                     0.04283066    -0.03607215                         0.04081321
    SCEL7_7_1_1_0_3_6/15          1      0.14285714         -0.01016704                     0.02997844    -0.00598907                         0.03791078
    SCEL7_7_1_1_0_6_4/0           1      0.85714286         -0.03620826                     0.02284375    -0.04980711                         0.01597860
    SCEL7_7_1_1_0_6_4/1           1      0.71428571         -0.05344893                     0.03607545    -0.05664201                         0.03364469
    SCEL7_7_1_1_0_6_4/2           1      0.71428571         -0.09587990                     0.01132405    -0.09358092                         0.01209699
    SCEL7_7_1_1_0_6_4/3           1      0.57142857         -0.05270180                     0.05551210    -0.05157406                         0.05395957
    SCEL7_7_1_1_0_6_4/4           1      0.71428571         -0.04050235                     0.04362762    -0.03937483                         0.04371721
    SCEL7_7_1_1_0_6_4/5           1      0.57142857         -0.06219563                     0.04947057    -0.06054855                         0.04824853
    SCEL7_7_1_1_0_6_4/6           1      0.42857143         -0.02802875                     0.07205791    -0.02681750                         0.07067157
    SCEL7_7_1_1_0_6_4/7           1      0.57142857         -0.01990045                     0.07638569    -0.02293783                         0.07218262
    SCEL7_7_1_1_0_6_4/8           1      0.57142857         -0.06229484                     0.04940744    -0.05826783                         0.04969990
    SCEL7_7_1_1_0_6_4/9           1      0.42857143         -0.02293902                     0.07562071    -0.02390142                         0.07271283
    SCEL7_7_1_1_0_6_4/10          1      0.42857143         -0.03215655                     0.06916844    -0.03559395                         0.06452805
    SCEL7_7_1_1_0_6_4/11          1      0.28571429         -0.00606025                     0.06403665    -0.00596716                         0.06422820
    SCEL7_7_1_1_0_6_4/12          1      0.42857143         -0.02313321                     0.07548478    -0.02706533                         0.07049809
    SCEL7_7_1_1_0_6_4/13          1      0.28571429         0.00348562                      0.07146122    0.00739847                          0.07462369
    SCEL7_7_1_1_0_6_4/14          1      0.28571429         -0.01799160                     0.05475672    -0.01966675                         0.05357297
    SCEL7_7_1_1_0_6_4/15          1      0.14285714         -0.00244211                     0.03673776    0.00260237                          0.04542828
    SCEL7_7_1_1_0_6_5/0           1      0.85714286         -0.04615331                     0.01748872    -0.04546137                         0.01831862
    SCEL7_7_1_1_0_6_5/1           1      0.71428571         -0.04210956                     0.04269008    -0.04419151                         0.04090748
    SCEL7_7_1_1_0_6_5/2           1      0.71428571         -0.09024852                     0.01460902    -0.08717727                         0.01583246
    SCEL7_7_1_1_0_6_5/3           1      0.57142857         -0.06533806                     0.04747084    -0.05678814                         0.05064152
    SCEL7_7_1_1_0_6_5/4           1      0.71428571         -0.05083849                     0.03759821    -0.04363423                         0.04123256
    SCEL7_7_1_1_0_6_5/5           1      0.57142857         -0.04707488                     0.05909287    -0.04509649                         0.05808166
    SCEL7_7_1_1_0_6_5/6           1      0.42857143         -0.03835136                     0.06483208    -0.04145594                         0.06042466
    SCEL7_7_1_1_0_6_5/7           1      0.57142857         -0.02845490                     0.07094195    -0.02754831                         0.06924868
    SCEL7_7_1_1_0_6_5/8           1      0.57142857         -0.08756203                     0.03332832    -0.08878341                         0.03028089
    SCEL7_7_1_1_0_6_5/9           1      0.42857143         -0.04534741                     0.05993484    -0.04552403                         0.05757700
    SCEL7_7_1_1_0_6_5/10          1      0.42857143         -0.01715127                     0.07967214    -0.01964240                         0.07569414
    SCEL7_7_1_1_0_6_5/11          1      0.28571429         -0.03535166                     0.04125445    -0.03446112                         0.04206624
    SCEL7_7_1_1_0_6_5/12          1      0.42857143         -0.06162513                     0.04854044    -0.05755240                         0.04915714
    SCEL7_7_1_1_0_6_5/13          1      0.28571429         -0.03859078                     0.03873513    -0.03822297                         0.03914035
    SCEL7_7_1_1_0_6_5/14          1      0.28571429         -0.02633408                     0.04826812    -0.02543133                         0.04908940
    SCEL7_7_1_1_0_6_5/15          1      0.14285714         -0.02155253                     0.02001615    -0.02454347                         0.02167567
    SCEL8_1_1_8_0_0_0/0           1      0.87500000         -0.01552776                     0.02976413    -0.01088741                         0.03135841
    SCEL8_1_1_8_0_0_0/1           1      0.75000000         -0.00825499                     0.05716648    -0.01203002                         0.05530076
    SCEL8_1_1_8_0_0_0/2           1      0.75000000         -0.02710495                     0.04639508    -0.02433936                         0.04826686
    SCEL8_1_1_8_0_0_0/4           1      0.75000000         -0.01064197                     0.05580249    -0.01031274                         0.05628207
    SCEL8_1_1_8_0_0_0/5           1      0.62500000         -0.01420269                     0.07168705    -0.02062825                         0.06613601
    SCEL8_1_1_8_0_0_0/6           1      0.50000000         -0.01097218                     0.09418946    -0.01479448                         0.08839847
    SCEL8_1_1_8_0_0_0/7           1      0.62500000         -0.01938009                     0.06850096    -0.01409758                         0.07015489
    SCEL8_1_1_8_0_0_0/8           1      0.62500000         -0.04399709                     0.05335203    -0.04047019                         0.05392559
    SCEL8_1_1_8_0_0_0/9           1      0.50000000         -0.01902346                     0.08882194    -0.02009009                         0.08486807
    SCEL8_1_1_8_0_0_0/10          1      0.50000000         -0.01806933                     0.08945803    -0.01903967                         0.08556835
    SCEL8_1_1_8_0_0_0/11          1      0.37500000         -0.02023544                     0.06892171    -0.02189574                         0.06630521
    SCEL8_1_1_8_0_0_0/12          1      0.62500000         -0.00998932                     0.07427989    -0.00750079                         0.07421445
    SCEL8_1_1_8_0_0_0/13          1      0.50000000         0.00343119                      0.10379171    0.00538337                          0.10185037
    SCEL8_1_1_8_0_0_0/14          1      0.50000000         -0.02509730                     0.08477272    -0.01997548                         0.08494447
    SCEL8_1_1_8_0_0_0/15          1      0.37500000         -0.00444913                     0.08040266    -0.00530918                         0.07836816
    SCEL8_1_1_8_0_0_0/16          1      0.37500000         -0.00200090                     0.08218319    -0.00119817                         0.08135799
    SCEL8_1_1_8_0_0_0/17          1      0.25000000         -0.00837985                     0.05549549    -0.00823458                         0.05640324
    SCEL8_1_1_8_0_0_0/18          1      0.50000000         -0.00393199                     0.09888292    -0.00950350                         0.09192580
    SCEL8_1_1_8_0_0_0/19          1      0.37500000         -0.02961791                     0.06209810    -0.02764410                         0.06212458
    SCEL8_1_1_8_0_0_0/20          1      0.37500000         -0.01336826                     0.07391603    -0.01314566                         0.07266891
    SCEL8_1_1_8_0_0_0/21          1      0.25000000         -0.01586351                     0.04950856    -0.01715814                         0.04926439
    SCEL8_1_1_8_0_0_0/22          1      0.25000000         0.00369959                      0.06515904    0.00040089                          0.06331161
    SCEL8_1_1_8_0_0_0/23          1      0.12500000         -0.00284473                     0.03202655    -0.00727221                         0.03301301
    SCEL8_2_2_2_0_0_0/0           1      0.87500000         -0.04957965                     0.01160313    -0.06174574                         0.00423396
    SCEL8_2_2_2_0_0_0/1           1      0.62500000         -0.09151136                     0.02411249    -0.09073027                         0.02299631
    SCEL8_2_2_2_0_0_0/2           1      0.50000000         -0.02989319                     0.08157546    -0.03338754                         0.07600310
    SCEL8_2_2_2_0_0_0/3           1      0.37500000         -0.02968005                     0.06205291    -0.02610868                         0.06324126
    SCEL8_2_2_2_0_0_0/4           1      0.50000000         -0.05801922                     0.06282477    -0.05870739                         0.05912320
    SCEL8_2_2_2_0_0_0/5           1      0.62500000         -0.04241333                     0.05432665    -0.04125198                         0.05344449
    SCEL8_2_2_2_0_0_0/6           1      0.37500000         -0.04780991                     0.04886755    -0.05488581                         0.04231244
    SCEL8_2_2_2_0_0_0/7           1      0.12500000         -0.01809648                     0.01846944    -0.02482459                         0.01741089
    SCEL8_2_4_1_0_1_1/0           1      0.87500000         -0.05330584                     0.00961582    -0.05111746                         0.00990238
    SCEL8_2_4_1_0_1_1/1           1      0.75000000         -0.05643898                     0.02963277    -0.05962094                         0.02810595
    SCEL8_2_4_1_0_1_1/2           1      0.75000000         -0.10113716                     0.00409095    -0.10189607                         0.00394874
    SCEL8_2_4_1_0_1_1/3           1      0.62500000         -0.06837460                     0.03835049    -0.06367901                         0.03964324
    SCEL8_2_4_1_0_1_1/4           1      0.75000000         -0.05857110                     0.02841442    -0.06566286                         0.02465343
    SCEL8_2_4_1_0_1_1/5           1      0.62500000         -0.08447506                     0.02844252    -0.07843309                         0.03056381
    SCEL8_2_4_1_0_1_1/6           1      0.50000000         -0.04681929                     0.07029139    -0.04623099                         0.06744080
    SCEL8_2_4_1_0_1_1/7           1      0.62500000         -0.02747838                     0.06351740    -0.03459361                         0.05754195
    SCEL8_2_4_1_0_1_1/8           1      0.62500000         -0.07221140                     0.03598938    -0.07767579                         0.03102984
    SCEL8_2_4_1_0_1_1/9           1      0.50000000         -0.04346624                     0.07252676    -0.04511397                         0.06818548
    SCEL8_2_4_1_0_1_1/10          1      0.50000000         -0.04653723                     0.07047943    -0.04689069                         0.06700100
    SCEL8_2_4_1_0_1_1/11          1      0.37500000         -0.01921172                     0.06966624    -0.02279538                         0.06565093
    SCEL8_2_4_1_0_1_1/12          1      0.62500000         -0.07375442                     0.03503983    -0.07633370                         0.03185574
    SCEL8_2_4_1_0_1_1/13          1      0.50000000         -0.04038517                     0.07458080    -0.04181669                         0.07038367
    SCEL8_2_4_1_0_1_1/14          1      0.50000000         -0.05486850                     0.06492525    -0.05249730                         0.06326326
    SCEL8_2_4_1_0_1_1/15          1      0.37500000         -0.02370533                     0.06639816    -0.02985452                         0.06051701
    SCEL8_2_4_1_0_1_1/16          1      0.37500000         -0.01965688                     0.06934248    -0.01810663                         0.06906093
    SCEL8_2_4_1_0_1_1/17          1      0.25000000         -0.01371721                     0.05122561    -0.00846575                         0.05621830
    SCEL8_2_4_1_0_1_1/18          1      0.50000000         -0.05611927                     0.06409140    -0.05549418                         0.06126534
    SCEL8_2_4_1_0_1_1/19          1      0.37500000         -0.03451791                     0.05853446    -0.02909083                         0.06107242
    SCEL8_2_4_1_0_1_1/20          1      0.37500000         -0.02801078                     0.06326692    -0.03020820                         0.06025979
    SCEL8_2_4_1_0_1_1/21          1      0.25000000         -0.01880621                     0.04715440    -0.01602197                         0.05017333
    SCEL8_2_4_1_0_1_1/22          1      0.25000000         -0.01164869                     0.05288042    -0.00926581                         0.05557826
    SCEL8_2_4_1_0_1_1/23          1      0.12500000         -0.00869927                     0.02682252    -0.00456824                         0.03541654
    SCEL8_2_4_1_1_0_1/0           1      0.87500000         -0.06338683                     0.00423929    -0.06410611                         0.00297510
    SCEL8_2_4_1_1_0_1/1           1      0.75000000         -0.10702483                     0.00072657    -0.10185851                         0.00397020
    SCEL8_2_4_1_1_0_1/2           1      0.75000000         -0.08166792                     0.01521623    -0.08026754                         0.01630790
    SCEL8_2_4_1_1_0_1/3           1      0.62500000         -0.09381977                     0.02269193    -0.08614178                         0.02581999
    SCEL8_2_4_1_1_0_1/4           1      0.62500000         -0.11216177                     0.01140454    -0.11630847                         0.00725588
    SCEL8_2_4_1_1_0_1/5           1      0.50000000         -0.09809821                     0.03610544    -0.09650789                         0.03392287
    SCEL8_2_4_1_1_0_1/6           1      0.62500000         -0.08494556                     0.02815297    -0.07965915                         0.02980931
    SCEL8_2_4_1_1_0_1/7           1      0.62500000         -0.04280052                     0.05408839    -0.03951736                         0.05451195
    SCEL8_2_4_1_1_0_1/8           1      0.50000000         -0.04200796                     0.07349894    -0.05077935                         0.06440856
    SCEL8_2_4_1_1_0_1/9           1      0.50000000         -0.08379312                     0.04564217    -0.08393675                         0.04230363
    SCEL8_2_4_1_1_0_1/10          1      0.37500000         -0.04196451                     0.05311875    -0.04721201                         0.04789338
    SCEL8_2_4_1_1_0_1/11          1      0.50000000         -0.04038423                     0.07458143    -0.04010472                         0.07152498
    SCEL8_2_4_1_1_0_1/12          1      0.37500000         -0.02777255                     0.06344018    -0.03354667                         0.05783181
    SCEL8_2_4_1_1_0_1/13          1      0.37500000         -0.01687260                     0.07136741    -0.01583020                         0.07071652
    SCEL8_2_4_1_1_0_1/14          1      0.25000000         0.00156274                      0.06344957    0.00886983                          0.07008676
    SCEL8_2_4_1_1_0_1/15          1      0.37500000         -0.04693550                     0.04950349    -0.04484219                         0.04961688
    SCEL8_2_4_1_1_0_1/16          1      0.25000000         -0.04083923                     0.02952798    -0.03869300                         0.03203650
    SCEL8_2_4_1_1_0_1/17          1      0.12500000         -0.00323808                     0.03167691    0.00244132                          0.04164725
    SCEL8_2_4_1_1_1_0/0           1      0.87500000         -0.03753279                     0.01802812    -0.04413008                         0.01362898
    SCEL8_2_4_1_1_1_0/1           1      0.75000000         -0.07771330                     0.01747602    -0.07634267                         0.01855068
    SCEL8_2_4_1_1_1_0/2           1      0.62500000         -0.08213347                     0.02988349    -0.07726541                         0.03128238
    SCEL8_2_4_1_1_1_0/3           1      0.62500000         -0.01290979                     0.07248268    -0.01167545                         0.07164543
    SCEL8_2_4_1_1_1_0/4           1      0.62500000         -0.02794640                     0.06322938    -0.02700462                         0.06221209
    SCEL8_2_4_1_1_1_0/5           1      0.50000000         -0.02825587                     0.08266700    -0.03260709                         0.07652340
    SCEL8_2_4_1_1_1_0/6           1      0.37500000         -0.01362998                     0.07372568    -0.02121540                         0.06680000
    SCEL8_2_4_1_1_1_0/7           1      0.37500000         -0.04357235                     0.05194941    -0.03964024                         0.05340012
    SCEL8_2_4_1_1_1_0/8           1      0.50000000         -0.04485206                     0.07160288    -0.04449452                         0.06859844
    SCEL8_2_4_1_1_1_0/9           1      0.37500000         -0.03258628                     0.05993928    -0.03775876                         0.05476847
    SCEL8_2_4_1_1_1_0/10          1      0.25000000         -0.01173174                     0.05281398    -0.01159113                         0.05371800
    SCEL8_2_4_1_1_1_0/11          1      0.12500000         -0.01724408                     0.01922713    -0.01578050                         0.02545008
    SCEL8_2_4_1_1_1_0/12          1      0.50000000         -0.06268722                     0.05971277    -0.05974313                         0.05843271
    SCEL8_4_1_2_0_0_0/0           1      0.87500000         -0.05326409                     0.00963809    -0.05119733                         0.00985978
    SCEL8_4_1_2_0_0_0/1           1      0.75000000         -0.06682537                     0.02369769    -0.06741650                         0.02365135
    SCEL8_4_1_2_0_0_0/2           1      0.62500000         -0.08624491                     0.02735338    -0.08114292                         0.02889622
    SCEL8_4_1_2_0_0_0/3           1      0.75000000         -0.05056694                     0.03298823    -0.05853327                         0.02872748
    SCEL8_4_1_2_0_0_0/4           1      0.62500000         -0.07350224                     0.03519502    -0.07791668                         0.03088159
    SCEL8_4_1_2_0_0_0/5           1      0.62500000         -0.07483147                     0.03437703    -0.07567066                         0.03226376
    SCEL8_4_1_2_0_0_0/6           1      0.50000000         -0.05317861                     0.06605184    -0.05214261                         0.06349972
    SCEL8_4_1_2_0_0_0/7           1      0.62500000         -0.06521065                     0.04029753    -0.06191084                         0.04073135
    SCEL8_4_1_2_0_0_0/8           1      0.37500000         -0.02530000                     0.06523840    -0.02823999                         0.06169122
    SCEL8_4_1_2_0_0_0/9           1      0.62500000         -0.02804113                     0.06317109    -0.03484672                         0.05738619
    SCEL8_4_1_2_0_0_0/10          1      0.50000000         -0.04798186                     0.06951634    -0.04680315                         0.06705936
    SCEL8_4_1_2_0_0_0/11          1      0.37500000         -0.03415006                     0.05880199    -0.02951718                         0.06076234
    SCEL8_4_1_2_0_0_0/12          1      0.50000000         -0.05455545                     0.06513395    -0.05257873                         0.06320897
    SCEL8_4_1_2_0_0_0/13          1      0.37500000         -0.03011960                     0.06173323    -0.03506110                         0.05673041
    SCEL8_4_1_2_0_0_0/14          1      0.25000000         -0.00923630                     0.05481033    -0.01186454                         0.05349927
    SCEL8_4_1_2_0_0_0/15          1      0.37500000         -0.02380326                     0.06632693    -0.02618999                         0.06318212
    SCEL8_4_1_2_0_0_0/16          1      0.12500000         -0.00380523                     0.03117278    -0.00515561                         0.03489443
    SCEL8_4_1_2_0_0_0/17          1      0.50000000         -0.04754536                     0.06980734    -0.04547428                         0.06794527
    SCEL8_4_1_2_0_0_0/18          1      0.50000000         -0.04139562                     0.07390717    -0.04456758                         0.06854974
    SCEL8_4_1_2_0_0_0/19          1      0.37500000         -0.02006071                     0.06904879    -0.01852076                         0.06875975
    SCEL8_4_1_2_0_0_0/20          1      0.25000000         -0.01180647                     0.05275420    -0.00787002                         0.05669489
    SCEL8_4_1_2_0_0_1/0           1      0.87500000         -0.05658378                     0.00786759    -0.06708484                         0.00138644
    SCEL8_4_1_2_0_0_1/1           1      0.75000000         -0.10498856                     0.00189016    -0.10576560                         0.00173758
    SCEL8_4_1_2_0_0_1/2           1      0.62500000         -0.08527170                     0.02795227    -0.08042014                         0.02934100
    SCEL8_4_1_2_0_0_1/3           1      0.62500000         -0.03713390                     0.05757554    -0.03453979                         0.05757507
    SCEL8_4_1_2_0_0_1/4           1      0.62500000         -0.10431132                     0.01623558    -0.09759212                         0.01877363
    SCEL8_4_1_2_0_0_1/5           1      0.50000000         -0.05447037                     0.06519067    -0.05161080                         0.06385426
    SCEL8_4_1_2_0_0_1/6           1      0.37500000         -0.01912399                     0.06973004    -0.01809732                         0.06906770
    SCEL8_4_1_2_0_0_1/7           1      0.62500000         -0.11439346                     0.01003119    -0.10231964                         0.01586439
    SCEL8_4_1_2_0_0_1/8           1      0.37500000         -0.05352966                     0.04470773    -0.04811980                         0.04723317
    SCEL8_4_1_2_0_0_1/9           1      0.50000000         -0.05011262                     0.06809583    -0.05313119                         0.06284067
    SCEL8_4_1_2_0_0_1/10          1      0.37500000         -0.02318776                     0.06677457    -0.02381804                         0.06490718
    SCEL8_4_1_2_0_0_1/11          1      0.25000000         -0.01325301                     0.05159696    -0.00781087                         0.05674220
    SCEL8_4_1_2_0_0_1/12          1      0.12500000         -0.01565939                     0.02063575    -0.01180488                         0.02898397
    SCEL8_4_1_2_0_0_1/13          1      0.50000000         -0.06557093                     0.05779030    -0.06884008                         0.05236807
    SCEL8_4_1_2_0_0_1/14          1      0.50000000         -0.10018092                     0.03471697    -0.10008956                         0.03153508
    SCEL8_4_1_2_0_0_1/15          1      0.37500000         -0.06424761                     0.03691286    -0.07693708                         0.02627515
    SCEL8_4_1_2_0_1_0/0           1      0.87500000         -0.04477248                     0.01416695    -0.04805900                         0.01153356
    SCEL8_4_1_2_0_1_0/1           1      0.75000000         -0.04176495                     0.03801793    -0.04346781                         0.03733631
    SCEL8_4_1_2_0_1_0/2           1      0.75000000         -0.04961916                     0.03352982    -0.05679362                         0.02972157
    SCEL8_4_1_2_0_1_0/3           1      0.62500000         -0.01364620                     0.07202950    -0.02288378                         0.06474800
    SCEL8_4_1_2_0_1_0/4           1      0.75000000         -0.07411234                     0.01953371    -0.08068866                         0.01606726
    SCEL8_4_1_2_0_1_0/5           1      0.62500000         -0.04860316                     0.05051753    -0.05056192                         0.04771530
    SCEL8_4_1_2_0_1_0/6           1      0.50000000         -0.01694072                     0.09021044    -0.01699275                         0.08693296
    SCEL8_4_1_2_0_1_0/7           1      0.62500000         -0.08379402                     0.02886162    -0.08244670                         0.02809389
    SCEL8_4_1_2_0_1_0/8           1      0.62500000         -0.07719967                     0.03291968    -0.07773931                         0.03099075
    SCEL8_4_1_2_0_1_0/9           1      0.50000000         -0.04686177                     0.07026307    -0.04614019                         0.06750133
    SCEL8_4_1_2_0_1_0/10          1      0.50000000         -0.05313861                     0.06607851    -0.04902672                         0.06557698
    SCEL8_4_1_2_0_1_0/11          1      0.37500000         -0.02800354                     0.06327219    -0.02891674                         0.06119903
    SCEL8_4_1_2_0_1_0/12          1      0.62500000         -0.08415064                     0.02864216    -0.07354457                         0.03357212
    SCEL8_4_1_2_0_1_0/13          1      0.50000000         -0.04033687                     0.07461300    -0.04596661                         0.06761706
    SCEL8_4_1_2_0_1_0/14          1      0.50000000         -0.05218589                     0.06671366    -0.05696557                         0.06028441
    SCEL8_4_1_2_0_1_0/15          1      0.37500000         -0.02227086                     0.06744141    -0.02134546                         0.06670541
    SCEL8_4_1_2_0_1_0/16          1      0.37500000         -0.02180386                     0.06778104    -0.02907154                         0.06108645
    SCEL8_4_1_2_0_1_0/17          1      0.25000000         -0.01436879                     0.05070434    -0.02163648                         0.04568172
    SCEL8_4_1_2_0_1_0/18          1      0.50000000         -0.04151355                     0.07382855    -0.03807881                         0.07287559
    SCEL8_4_1_2_0_1_0/19          1      0.37500000         -0.03110091                     0.06101955    -0.02984343                         0.06052508
    SCEL8_4_1_2_0_1_0/20          1      0.37500000         -0.01220665                     0.07476083    -0.01519892                         0.07117563
    SCEL8_4_1_2_0_1_0/21          1      0.25000000         -0.00939895                     0.05468021    -0.00825225                         0.05638910
    SCEL8_4_1_2_0_1_0/22          1      0.25000000         0.00308425                      0.06466677    0.00552128                          0.06740793
    SCEL8_4_1_2_0_1_0/23          1      0.12500000         -0.00026614                     0.03431864    -0.00157647                         0.03807589
    SCEL8_4_1_2_0_1_2/0           1      0.87500000         -0.06852068                     0.00150124    -0.06859981                         0.00057846
    SCEL8_4_1_2_0_1_2/1           1      0.75000000         -0.08831579                     0.01141746    -0.08584317                         0.01312183
    SCEL8_4_1_2_0_1_2/2           1      0.75000000         -0.10253332                     0.00329315    -0.10540531                         0.00194346
    SCEL8_4_1_2_0_1_2/3           1      0.62500000         -0.09211766                     0.02373938    -0.08753012                         0.02496563
    SCEL8_4_1_2_0_1_2/4           1      0.75000000         -0.08631660                     0.01255985    -0.08833447                         0.01169822
    SCEL8_4_1_2_0_1_2/5           1      0.62500000         -0.08696874                     0.02690794    -0.08579832                         0.02603135
    SCEL8_4_1_2_0_1_2/6           1      0.50000000         -0.06201191                     0.06016298    -0.06045830                         0.05795593
    SCEL8_4_1_2_0_1_2/7           1      0.62500000         -0.08359522                     0.02898396    -0.08561407                         0.02614474
    SCEL8_4_1_2_0_1_2/8           1      0.62500000         -0.10130430                     0.01808606    -0.10010211                         0.01722902
    SCEL8_4_1_2_0_1_2/9           1      0.50000000         -0.06001771                     0.06149244    -0.06043588                         0.05797087
    SCEL8_4_1_2_0_1_2/10          1      0.50000000         -0.07245922                     0.05319810    -0.07070712                         0.05112338
    SCEL8_4_1_2_0_1_2/11          1      0.37500000         -0.03304008                     0.05960925    -0.03046148                         0.06007558
    SCEL8_4_1_2_0_1_2/12          1      0.62500000         -0.10675559                     0.01473142    -0.10107793                         0.01662852
    SCEL8_4_1_2_0_1_2/13          1      0.50000000         -0.06790495                     0.05623428    -0.06327373                         0.05607897
    SCEL8_4_1_2_0_1_2/14          1      0.50000000         -0.07413722                     0.05207944    -0.07056999                         0.05121480
    SCEL8_4_1_2_0_1_2/15          1      0.37500000         -0.03681878                     0.05686110    -0.03608112                         0.05598857
    SCEL8_4_1_2_0_1_2/16          1      0.37500000         -0.03768309                     0.05623251    -0.03968986                         0.05336404
    SCEL8_4_1_2_0_1_2/17          1      0.25000000         -0.01048845                     0.05380861    -0.00617453                         0.05805128
    SCEL8_4_1_2_0_1_2/18          1      0.50000000         -0.09250397                     0.03983494    -0.08971334                         0.03845257
    SCEL8_4_1_2_0_1_2/19          1      0.37500000         -0.01800907                     0.07054089    -0.01899023                         0.06841831
    SCEL8_4_1_2_0_1_2/20          1      0.37500000         -0.07083539                     0.03212175    -0.07357896                         0.02871741
    SCEL8_4_1_2_0_1_2/21          1      0.25000000         -0.00722323                     0.05642079    -0.00533384                         0.05872383
    SCEL8_4_1_2_0_1_2/22          1      0.25000000         -0.04113040                     0.02929505    -0.03823551                         0.03240249
    SCEL8_4_1_2_0_1_2/23          1      0.12500000         -0.00740560                     0.02797245    -0.00380317                         0.03609660
    SCEL8_4_2_1_0_0_2/0           1      0.87500000         -0.03678100                     0.01842907    -0.03928706                         0.01621192
    SCEL8_4_2_1_0_0_2/1           1      0.75000000         -0.06309529                     0.02582917    -0.05402123                         0.03130579
    SCEL8_4_2_1_0_0_2/2           1      0.62500000         -0.05735655                     0.04513083    -0.05987898                         0.04198172
    SCEL8_4_2_1_0_0_2/3           1      0.62500000         -0.06265069                     0.04187290    -0.06240679                         0.04042614
    SCEL8_4_2_1_0_0_2/4           1      0.62500000         -0.07631607                     0.03346343    -0.07413242                         0.03321037
    SCEL8_4_2_1_0_0_2/5           1      0.50000000         -0.04797130                     0.06952339    -0.05034941                         0.06469519
    SCEL8_4_2_1_0_0_2/6           1      0.37500000         -0.03198439                     0.06037702    -0.03152837                         0.05929966
    SCEL8_4_2_1_0_0_2/7           1      0.62500000         -0.05396037                     0.04722079    -0.04535799                         0.05091771
    SCEL8_4_2_1_0_0_2/8           1      0.37500000         -0.02741873                     0.06369750    -0.03165099                         0.05921049
    SCEL8_4_2_1_0_0_2/9           1      0.50000000         -0.05196274                     0.06686242    -0.05046738                         0.06461654
    SCEL8_4_2_1_0_0_2/10          1      0.37500000         -0.03410705                     0.05883327    -0.03433055                         0.05726172
    SCEL8_4_2_1_0_0_2/11          1      0.25000000         -0.01305839                     0.05175266    -0.01364731                         0.05207305
    SCEL8_4_2_1_0_0_2/12          1      0.12500000         -0.00361386                     0.03134289    -0.00761570                         0.03270768
    SCEL8_4_2_1_0_0_2/13          1      0.50000000         -0.04043564                     0.07454715    -0.04019937                         0.07146188
    SCEL8_4_2_1_0_0_2/14          1      0.50000000         -0.06090445                     0.06090128    -0.05977469                         0.05841166
    SCEL8_4_2_1_0_0_2/15          1      0.37500000         -0.02948772                     0.06219278    -0.03322042                         0.05806908
    SCEL8_4_2_1_1_2_0/0           1      0.87500000         -0.07133551                     0.00000000    -0.06968442                         0.00000000
    SCEL8_4_2_1_1_2_0/1           1      0.75000000         -0.04815660                     0.03436556    -0.05610168                         0.03011696
    SCEL8_4_2_1_1_2_0/2           1      0.62500000         -0.07576478                     0.03380269    -0.08025047                         0.02944542
    SCEL8_4_2_1_1_2_0/3           1      0.75000000         -0.10829633                     0.00000000    -0.10220919                         0.00376981
    SCEL8_4_2_1_1_2_0/4           1      0.62500000         -0.09001154                     0.02503545    -0.09472822                         0.02053603
    SCEL8_4_2_1_1_2_0/5           1      0.62500000         -0.04175448                     0.05473210    -0.04296699                         0.05238910
    SCEL8_4_2_1_1_2_0/6           1      0.50000000         -0.04928290                     0.06864899    -0.05504788                         0.06156287
    SCEL8_4_2_1_1_2_0/7           1      0.62500000         -0.09928524                     0.01932856    -0.09207408                         0.02216935
    SCEL8_4_2_1_1_2_0/8           1      0.37500000         -0.02675647                     0.06417914    -0.03209982                         0.05888406
    SCEL8_4_2_1_1_2_0/9           1      0.50000000         -0.05410341                     0.06543531    -0.05461936                         0.06184855
    SCEL8_4_2_1_1_2_0/10          1      0.37500000         -0.02382511                     0.06631104    -0.02328794                         0.06529270
    SCEL8_4_2_1_1_2_0/11          1      0.50000000         -0.05251337                     0.06649534    -0.05392873                         0.06230898
    SCEL8_4_2_1_1_2_0/12          1      0.37500000         -0.05390668                     0.04443354    -0.05123665                         0.04496637
    SCEL8_4_2_1_1_2_0/13          1      0.25000000         -0.03956613                     0.03054647    -0.03589273                         0.03427671
    SCEL8_4_2_1_1_2_0/14          1      0.37500000         -0.02001352                     0.06908311    -0.01697858                         0.06988133
    SCEL8_4_2_1_1_2_0/15          1      0.12500000         -0.00581313                     0.02938797    -0.01010650                         0.03049364
    SCEL8_4_2_1_1_2_0/16          1      0.50000000         -0.05099976                     0.06750441    -0.05634647                         0.06069715
    SCEL8_4_2_1_1_2_0/17          1      0.25000000         -0.00037664                     0.06189806    0.00136491                          0.06408283
    SCEL8_4_2_1_1_3_1/0           1      0.87500000         -0.05497019                     0.00872817    -0.05426706                         0.00822259
    SCEL8_4_2_1_1_3_1/1           1      0.75000000         -0.09240085                     0.00908313    -0.08948674                         0.01103978
    SCEL8_4_2_1_1_3_1/2           1      0.75000000         -0.04228890                     0.03771853    -0.03879176                         0.04000835
    SCEL8_4_2_1_1_3_1/3           1      0.62500000         -0.08358165                     0.02899231    -0.07760587                         0.03107286
    SCEL8_4_2_1_1_3_1/4           1      0.62500000         -0.05636415                     0.04574154    -0.05567132                         0.04457105
    SCEL8_4_2_1_1_3_1/5           1      0.50000000         -0.05301198                     0.06616293    -0.05124420                         0.06409866
    SCEL8_4_2_1_1_3_1/6           1      0.62500000         -0.08199200                     0.02997055    -0.08261910                         0.02798780
    SCEL8_4_2_1_1_3_1/7           1      0.62500000         -0.02213884                     0.06680327    -0.02071251                         0.06608417
    SCEL8_4_2_1_1_3_1/8           1      0.50000000         -0.03601404                     0.07749489    -0.04043802                         0.07130278
    SCEL8_4_2_1_1_3_1/9           1      0.50000000         -0.03890077                     0.07557041    -0.03681974                         0.07371497
    SCEL8_4_2_1_1_3_1/10          1      0.37500000         -0.02213013                     0.06754376    -0.02046357                         0.06734679
    SCEL8_4_2_1_1_3_1/11          1      0.50000000         -0.07633991                     0.05061097    -0.07960219                         0.04519334
    SCEL8_4_2_1_1_3_1/12          1      0.37500000         -0.03657605                     0.05703763    -0.04131147                         0.05218468
    SCEL8_4_2_1_1_3_1/13          1      0.37500000         -0.01503242                     0.07270573    -0.02189236                         0.06630767
    SCEL8_4_2_1_1_3_1/14          1      0.25000000         -0.01319292                     0.05164503    -0.00695535                         0.05742662
    SCEL8_4_2_1_1_3_1/15          1      0.37500000         -0.04638536                     0.04990359    -0.04492759                         0.04955478
    SCEL8_4_2_1_1_3_1/16          1      0.25000000         -0.04164957                     0.02887971    -0.04120218                         0.03002916
    SCEL8_4_2_1_1_3_1/17          1      0.12500000         -0.01668630                     0.01972294    -0.01281435                         0.02808666
    SCEL8_4_2_1_1_3_2/0           1      0.87500000         -0.03075906                     0.02164077    -0.02575841                         0.02342721
    SCEL8_4_2_1_1_3_2/1           1      0.75000000         -0.05631716                     0.02970238    -0.05658282                         0.02984202
    SCEL8_4_2_1_1_3_2/2           1      0.62500000         -0.04944452                     0.04999977    -0.05193626                         0.04686955
    SCEL8_4_2_1_1_3_2/3           1      0.62500000         -0.01878846                     0.06886504    -0.01771716                         0.06792746
    SCEL8_4_2_1_1_3_2/4           1      0.62500000         -0.01830864                     0.06916031    -0.01790113                         0.06781424
    SCEL8_4_2_1_1_3_2/5           1      0.50000000         -0.05183783                     0.06694569    -0.05054893                         0.06456217
    SCEL8_4_2_1_1_3_2/6           1      0.37500000         -0.03860423                     0.05556259    -0.03007744                         0.06035488
    SCEL8_4_2_1_1_3_2/7           1      0.62500000         -0.08672499                     0.02705794    -0.08969415                         0.02363393
    SCEL8_4_2_1_1_3_2/8           1      0.37500000         -0.05539967                     0.04334773    -0.05428043                         0.04275271
    SCEL8_4_2_1_1_3_2/9           1      0.50000000         -0.01374220                     0.09234279    -0.01264854                         0.08982910
    SCEL8_4_2_1_1_3_2/10          1      0.37500000         -0.04564070                     0.05044516    -0.04663343                         0.04831417
    SCEL8_4_2_1_1_3_2/11          1      0.25000000         -0.05223382                     0.02041231    -0.05436425                         0.01949950
    SCEL8_4_2_1_1_3_2/12          1      0.12500000         -0.03648095                     0.00212769    -0.04196364                         0.00217618
    SCEL8_4_2_1_1_3_2/13          1      0.50000000         -0.07838439                     0.04924799    -0.07338641                         0.04933718
    SCEL8_4_2_1_1_3_2/14          1      0.50000000         -0.05343893                     0.06587829    -0.05564921                         0.06116198
    SCEL8_4_2_1_1_3_2/15          1      0.37500000         -0.09026231                     0.01799308    -0.08856255                         0.01782026
    SCEL8_8_1_1_0_0_3/0           1      0.87500000         -0.03594683                     0.01887396    -0.03901402                         0.01635755
    SCEL8_8_1_1_0_0_3/1           1      0.75000000         -0.05637874                     0.02966720    -0.05297849                         0.03190164
    SCEL8_8_1_1_0_0_3/2           1      0.75000000         -0.08941188                     0.01079112    -0.08192672                         0.01535979
    SCEL8_8_1_1_0_0_3/3           1      0.62500000         -0.05623644                     0.04582013    -0.05729899                         0.04356941
    SCEL8_8_1_1_0_0_3/4           1      0.62500000         -0.08097665                     0.03059538    -0.07564828                         0.03227753
    SCEL8_8_1_1_0_0_3/5           1      0.50000000         -0.05338680                     0.06591305    -0.05162399                         0.06384547
    SCEL8_8_1_1_0_0_3/6           1      0.62500000         -0.05339640                     0.04756785    -0.04458829                         0.05139138
    SCEL8_8_1_1_0_0_3/7           1      0.62500000         -0.06316181                     0.04155836    -0.06341414                         0.03980624
    SCEL8_8_1_1_0_0_3/8           1      0.50000000         -0.04734494                     0.06994095    -0.05009039                         0.06486787
    SCEL8_8_1_1_0_0_3/9           1      0.50000000         -0.06117804                     0.06071889    -0.06039934                         0.05799523
    SCEL8_8_1_1_0_0_3/10          1      0.37500000         -0.03587831                     0.05754508    -0.03418113                         0.05737038
    SCEL8_8_1_1_0_0_3/11          1      0.50000000         -0.04008690                     0.07477965    -0.03905667                         0.07222368
    SCEL8_8_1_1_0_0_3/12          1      0.37500000         -0.02552330                     0.06507600    -0.03118776                         0.05954738
    SCEL8_8_1_1_0_0_3/13          1      0.37500000         -0.03286825                     0.05973422    -0.03373110                         0.05769768
    SCEL8_8_1_1_0_0_3/14          1      0.25000000         -0.01379804                     0.05116094    -0.01417201                         0.05165330
    SCEL8_8_1_1_0_0_3/15          1      0.37500000         -0.02627725                     0.06452767    -0.03038462                         0.06013149
    SCEL8_8_1_1_0_0_3/16          1      0.25000000         -0.02105582                     0.04535472    -0.02094790                         0.04623258
    SCEL8_8_1_1_0_0_3/17          1      0.12500000         -0.00438037                     0.03066154    -0.00762971                         0.03269523
    SCEL8_8_1_1_0_0_5/0           1      0.87500000         -0.03043683                     0.02181263    -0.03789889                         0.01695228
    SCEL8_8_1_1_0_0_5/1           1      0.75000000         -0.05410015                     0.03096925    -0.04598914                         0.03589555
    SCEL8_8_1_1_0_0_5/2           1      0.75000000         -0.05977497                     0.02772649    -0.06572808                         0.02461616
    SCEL8_8_1_1_0_0_5/3           1      0.62500000         -0.02853539                     0.06286693    -0.02947890                         0.06068946
    SCEL8_8_1_1_0_0_5/4           1      0.62500000         -0.07990173                     0.03125687    -0.06755233                         0.03725966
    SCEL8_8_1_1_0_0_5/5           1      0.50000000         -0.03122195                     0.08068961    -0.03339733                         0.07599657
    SCEL8_8_1_1_0_0_5/6           1      0.62500000         -0.05341137                     0.04755863    -0.05422808                         0.04545919
    SCEL8_8_1_1_0_0_5/7           1      0.62500000         -0.06791165                     0.03863538    -0.05886660                         0.04260472
    SCEL8_8_1_1_0_0_5/8           1      0.50000000         -0.04129185                     0.07397635    -0.03540989                         0.07465486
    SCEL8_8_1_1_0_0_5/9           1      0.50000000         -0.05810174                     0.06276975    -0.06704532                         0.05356458
    SCEL8_8_1_1_0_0_5/10          1      0.37500000         -0.02218325                     0.06750512    -0.02208821                         0.06616523
    SCEL8_8_1_1_0_0_5/11          1      0.50000000         -0.01395508                     0.09220086    -0.01392873                         0.08897564
    SCEL8_8_1_1_0_0_5/12          1      0.37500000         -0.00839057                     0.07753616    -0.00704505                         0.07710572
    SCEL8_8_1_1_0_0_5/13          1      0.37500000         -0.02769005                     0.06350018    -0.02740903                         0.06229555
    SCEL8_8_1_1_0_0_5/14          1      0.25000000         -0.00136235                     0.06110949    0.00083248                          0.06365688
    SCEL8_8_1_1_0_0_5/15          1      0.37500000         -0.01782726                     0.07067312    -0.01706843                         0.06981599
    SCEL8_8_1_1_0_0_5/16          1      0.25000000         -0.00496742                     0.05822543    -0.00392734                         0.05984903
    SCEL8_8_1_1_0_0_5/17          1      0.12500000         -0.00001722                     0.03453990    0.00175173                          0.04103429
    SCEL8_8_1_1_0_0_6/0           1      0.87500000         -0.05881718                     0.00667644    -0.05012395                         0.01043225
    SCEL8_8_1_1_0_0_6/1           1      0.75000000         -0.05317446                     0.03149821    -0.04596182                         0.03591117
    SCEL8_8_1_1_0_0_6/2           1      0.75000000         -0.05634875                     0.02968433    -0.06811520                         0.02325209
    SCEL8_8_1_1_0_0_6/3           1      0.62500000         -0.03005400                     0.06193240    -0.03508733                         0.05723812
    SCEL8_8_1_1_0_0_6/4           1      0.75000000         -0.08397616                     0.01389724    -0.09336240                         0.00882512
    SCEL8_8_1_1_0_0_6/5           1      0.62500000         -0.05944894                     0.04384321    -0.06692249                         0.03764725
    SCEL8_8_1_1_0_0_6/6           1      0.50000000         -0.02658248                     0.08378260    -0.02722658                         0.08011041
    SCEL8_8_1_1_0_0_6/7           1      0.62500000         -0.08737419                     0.02665844    -0.08763889                         0.02489870
    SCEL8_8_1_1_0_0_6/8           1      0.62500000         -0.08593544                     0.02754382    -0.08345183                         0.02747535
    SCEL8_8_1_1_0_0_6/9           1      0.50000000         -0.05483212                     0.06494950    -0.05747302                         0.05994611
    SCEL8_8_1_1_0_0_6/10          1      0.50000000         -0.06603073                     0.05748376    -0.06591040                         0.05432119
    SCEL8_8_1_1_0_0_6/11          1      0.37500000         -0.02618075                     0.06459785    -0.02974741                         0.06059491
    SCEL8_8_1_1_0_0_6/12          1      0.62500000         -0.10591483                     0.01524881    -0.10115082                         0.01658367
    SCEL8_8_1_1_0_0_6/13          1      0.50000000         -0.06083748                     0.06094593    -0.05967907                         0.05847542
    SCEL8_8_1_1_0_0_6/14          1      0.50000000         -0.07104643                     0.05413997    -0.06798111                         0.05294072
    SCEL8_8_1_1_0_0_6/15          1      0.37500000         -0.03951722                     0.05489860    -0.03737547                         0.05504723
    SCEL8_8_1_1_0_0_6/16          1      0.37500000         -0.03308824                     0.05957422    -0.03563331                         0.05631425
    SCEL8_8_1_1_0_0_6/17          1      0.25000000         -0.01738335                     0.04829269    -0.01254156                         0.05295765
    SCEL8_8_1_1_0_0_6/18          1      0.50000000         -0.08489014                     0.04491082    -0.08346912                         0.04261538
    SCEL8_8_1_1_0_0_6/19          1      0.37500000         -0.02976081                     0.06199417    -0.03407185                         0.05744986
    SCEL8_8_1_1_0_0_6/20          1      0.37500000         -0.05676760                     0.04235287    -0.05985937                         0.03869530
    SCEL8_8_1_1_0_0_6/21          1      0.25000000         -0.02138806                     0.04508893    -0.01934478                         0.04751508
    SCEL8_8_1_1_0_0_6/22          1      0.25000000         -0.02325932                     0.04359191    -0.02399061                         0.04379841
    SCEL8_8_1_1_0_0_6/23          1      0.12500000         -0.00679732                     0.02851314    -0.00489646                         0.03512479
    SCEL8_8_1_1_0_0_7/0           1      0.87500000         -0.03306582                     0.02041050    -0.02293380                         0.02493367
    SCEL8_8_1_1_0_0_7/1           1      0.75000000         -0.01602345                     0.05272736    -0.01672361                         0.05261871
    SCEL8_8_1_1_0_0_7/2           1      0.75000000         -0.03815319                     0.04008179    -0.03461515                         0.04239498
    SCEL8_8_1_1_0_0_7/3           1      0.62500000         -0.02228039                     0.06671616    -0.02216196                         0.06519220
    SCEL8_8_1_1_0_0_7/4           1      0.75000000         -0.06740759                     0.02336500    -0.05608849                         0.03012450
    SCEL8_8_1_1_0_0_7/5           1      0.62500000         -0.02262699                     0.06650287    -0.02533603                         0.06323892
    SCEL8_8_1_1_0_0_7/6           1      0.50000000         -0.01957906                     0.08845154    -0.01571852                         0.08778244
    SCEL8_8_1_1_0_0_7/7           1      0.62500000         -0.03118646                     0.06123550    -0.03839480                         0.05520275
    SCEL8_8_1_1_0_0_7/8           1      0.62500000         -0.02486200                     0.06512747    -0.03523136                         0.05714949
    SCEL8_8_1_1_0_0_7/9           1      0.50000000         -0.01884416                     0.08894147    -0.02524043                         0.08143450
    SCEL8_8_1_1_0_0_7/10          1      0.50000000         -0.00810879                     0.09609839    -0.01010461                         0.09152505
    SCEL8_8_1_1_0_0_7/11          1      0.37500000         -0.00505550                     0.07996167    -0.00927236                         0.07548585
    SCEL8_8_1_1_0_0_7/12          1      0.62500000         -0.06840962                     0.03832894    -0.07158625                         0.03477725
    SCEL8_8_1_1_0_0_7/13          1      0.50000000         -0.04801412                     0.06949483    -0.05318075                         0.06280763
    SCEL8_8_1_1_0_0_7/14          1      0.50000000         -0.03515347                     0.07806860    -0.03529984                         0.07472823
    SCEL8_8_1_1_0_0_7/15          1      0.37500000         -0.03050070                     0.06145607    -0.02814461                         0.06176058
    SCEL8_8_1_1_0_0_7/16          1      0.37500000         -0.02548332                     0.06510507    -0.02488783                         0.06412915
    SCEL8_8_1_1_0_0_7/17          1      0.25000000         -0.02154677                     0.04496195    -0.01770501                         0.04882689
    SCEL8_8_1_1_0_0_7/18          1      0.50000000         -0.02950600                     0.08183359    -0.03776485                         0.07308490
    SCEL8_8_1_1_0_0_7/19          1      0.37500000         -0.02336396                     0.06664642    -0.02256111                         0.06582131
    SCEL8_8_1_1_0_0_7/20          1      0.37500000         -0.00542147                     0.07969551    -0.00394071                         0.07936341
    SCEL8_8_1_1_0_0_7/21          1      0.25000000         -0.01132908                     0.05313611    -0.00905531                         0.05574666
    SCEL8_8_1_1_0_0_7/22          1      0.25000000         -0.00492644                     0.05825822    -0.00231396                         0.06113974
    SCEL8_8_1_1_0_0_7/23          1      0.12500000         -0.00360114                     0.03135419    -0.00660919                         0.03360236
    SCEL8_8_1_1_0_1_0/0           1      0.87500000         -0.03853707                     0.01749250    -0.03874072                         0.01650331
    SCEL8_8_1_1_0_1_0/1           1      0.75000000         -0.03787641                     0.04023995    -0.03651948                         0.04130679
    SCEL8_8_1_1_0_1_0/2           1      0.75000000         -0.04002867                     0.03901009    -0.04431628                         0.03685147
    SCEL8_8_1_1_0_1_0/3           1      0.62500000         -0.02963931                     0.06218759    -0.02756173                         0.06186926
    SCEL8_8_1_1_0_1_0/4           1      0.75000000         -0.08252580                     0.01472602    -0.07755755                         0.01785647
    SCEL8_8_1_1_0_1_0/5           1      0.62500000         -0.04428546                     0.05317457    -0.04744935                         0.04963072
    SCEL8_8_1_1_0_1_0/6           1      0.50000000         -0.03181341                     0.08029531    -0.02913609                         0.07883740
    SCEL8_8_1_1_0_1_0/7           1      0.62500000         -0.06610179                     0.03974914    -0.06374482                         0.03960274
    SCEL8_8_1_1_0_1_0/8           1      0.62500000         -0.05140241                     0.04879491    -0.04458542                         0.05139314
    SCEL8_8_1_1_0_1_0/9           1      0.50000000         -0.03248699                     0.07984625    -0.02973332                         0.07843925
    SCEL8_8_1_1_0_1_0/10          1      0.50000000         -0.04008856                     0.07477854    -0.04032591                         0.07137752
    SCEL8_8_1_1_0_1_0/11          1      0.37500000         -0.01134540                     0.07538719    -0.01371790                         0.07225273
    SCEL8_8_1_1_0_1_0/12          1      0.62500000         -0.08297805                     0.02936375    -0.08542968                         0.02625821
    SCEL8_8_1_1_0_1_0/13          1      0.50000000         -0.05917327                     0.06205541    -0.06320101                         0.05612745
    SCEL8_8_1_1_0_1_0/14          1      0.50000000         -0.05978997                     0.06164427    -0.05613243                         0.06083984
    SCEL8_8_1_1_0_1_0/15          1      0.37500000         -0.05088455                     0.04663145    -0.04834657                         0.04706824
    SCEL8_8_1_1_0_1_0/16          1      0.37500000         -0.03923830                     0.05510145    -0.03714118                         0.05521762
    SCEL8_8_1_1_0_1_0/17          1      0.25000000         -0.02460954                     0.04251174    -0.02145598                         0.04582612
    SCEL8_8_1_1_0_1_0/18          1      0.50000000         -0.06307382                     0.05945504    -0.06930075                         0.05206096
    SCEL8_8_1_1_0_1_0/19          1      0.37500000         -0.02525640                     0.06527010    -0.02576507                         0.06349116
    SCEL8_8_1_1_0_1_0/20          1      0.37500000         -0.05452291                     0.04398537    -0.05531775                         0.04199830
    SCEL8_8_1_1_0_1_0/21          1      0.25000000         -0.02460277                     0.04251715    -0.02890202                         0.03986929
    SCEL8_8_1_1_0_1_0/22          1      0.25000000         -0.04735176                     0.02431796    -0.04622595                         0.02601014
    SCEL8_8_1_1_0_1_0/23          1      0.12500000         -0.01806878                     0.01849407    -0.02249876                         0.01947830
    SCEL8_8_1_1_0_4_3/0           1      0.87500000         -0.02732269                     0.02347350    -0.02242614                         0.02520442
    SCEL8_8_1_1_0_4_3/1           1      0.75000000         -0.04970039                     0.03348340    -0.05010151                         0.03354563
    SCEL8_8_1_1_0_4_3/2           1      0.75000000         -0.00765481                     0.05750944    -0.00704797                         0.05814765
    SCEL8_8_1_1_0_4_3/3           1      0.62500000         -0.04807710                     0.05084126    -0.05020825                         0.04793294
    SCEL8_8_1_1_0_4_3/4           1      0.62500000         -0.03553172                     0.05856149    -0.04041278                         0.05396092
    SCEL8_8_1_1_0_4_3/5           1      0.50000000         -0.06300308                     0.05950220    -0.06188538                         0.05700454
    SCEL8_8_1_1_0_4_3/6           1      0.62500000         -0.04341632                     0.05370943    -0.04878721                         0.04880742
    SCEL8_8_1_1_0_4_3/7           1      0.62500000         -0.01365317                     0.07202521    -0.01552811                         0.06927456
    SCEL8_8_1_1_0_4_3/8           1      0.50000000         -0.04647536                     0.07052068    -0.04539407                         0.06799874
    SCEL8_8_1_1_0_4_3/9           1      0.50000000         -0.03033165                     0.08128315    -0.02554193                         0.08123351
    SCEL8_8_1_1_0_4_3/10          1      0.37500000         -0.05176956                     0.04598781    -0.05319759                         0.04354023
    SCEL8_8_1_1_0_4_3/11          1      0.50000000         -0.04494072                     0.07154377    -0.05018331                         0.06480592
    SCEL8_8_1_1_0_4_3/12          1      0.37500000         -0.06919739                     0.03331302    -0.06804350                         0.03274321
    SCEL8_8_1_1_0_4_3/13          1      0.37500000         -0.03651522                     0.05708187    -0.02807163                         0.06181366
    SCEL8_8_1_1_0_4_3/14          1      0.25000000         -0.04997847                     0.02221659    -0.05053585                         0.02256222
    SCEL8_8_1_1_0_4_3/15          1      0.37500000         -0.05441505                     0.04406381    -0.05131461                         0.04490967
    SCEL8_8_1_1_0_4_3/16          1      0.25000000         -0.06719520                     0.00844321    -0.06398440                         0.01180338
    SCEL8_8_1_1_0_4_3/17          1      0.12500000         -0.03318836                     0.00505444    -0.04014105                         0.00379626
    SCEL8_8_1_1_0_5_2/0           1      0.87500000         -0.04971455                     0.01153118    -0.05331372                         0.00873104
    SCEL8_8_1_1_0_5_2/1           1      0.75000000         -0.07462497                     0.01924078    -0.07482410                         0.01941843
    SCEL8_8_1_1_0_5_2/2           1      0.75000000         -0.08000258                     0.01616786    -0.07367134                         0.02007716
    SCEL8_8_1_1_0_5_2/3           1      0.62500000         -0.05675456                     0.04550128    -0.05271617                         0.04638960
    SCEL8_8_1_1_0_5_2/4           1      0.75000000         -0.10377156                     0.00258558    -0.10880636                         0.00000000
    SCEL8_8_1_1_0_5_2/5           1      0.62500000         -0.09814148                     0.02003241    -0.09623437                         0.01960917
    SCEL8_8_1_1_0_5_2/6           1      0.50000000         -0.04461945                     0.07175795    -0.04709466                         0.06686502
    SCEL8_8_1_1_0_5_2/8           1      0.62500000         -0.03346549                     0.05983302    -0.04163811                         0.05320687
    SCEL8_8_1_1_0_5_2/9           1      0.50000000         -0.04876361                     0.06899518    -0.05014695                         0.06483016
    SCEL8_8_1_1_0_5_2/10          1      0.50000000         -0.10388932                     0.03224470    -0.10967528                         0.02514460
    SCEL8_8_1_1_0_5_2/11          1      0.37500000         -0.03415869                     0.05879571    -0.03723222                         0.05515141
    SCEL8_8_1_1_0_5_2/12          1      0.62500000         -0.12355070                     0.00439597    -0.11953204                         0.00527215
    SCEL8_8_1_1_0_5_2/13          1      0.50000000         -0.07971580                     0.04836038    -0.08433238                         0.04203987
    SCEL8_8_1_1_0_5_2/14          1      0.50000000         -0.07986446                     0.04826127    -0.07649569                         0.04726433
    SCEL8_8_1_1_0_5_2/15          1      0.37500000         -0.04595291                     0.05021810    -0.04376855                         0.05039771
    SCEL8_8_1_1_0_5_2/16          1      0.37500000         -0.09051272                     0.01781096    -0.09296632                         0.01461752
    SCEL8_8_1_1_0_5_2/17          1      0.25000000         -0.03964940                     0.03047985    -0.03543361                         0.03464401
    SCEL8_8_1_1_0_5_2/18          1      0.50000000         -0.10360926                     0.03243141    -0.10875642                         0.02575718
    SCEL8_8_1_1_0_5_2/19          1      0.37500000         -0.05466114                     0.04388484    -0.04612983                         0.04868042
    SCEL8_8_1_1_0_5_2/20          1      0.37500000         -0.07666339                     0.02788320    -0.08077016                         0.02348745
    SCEL8_8_1_1_0_5_2/21          1      0.25000000         -0.03576738                     0.03358547    -0.03384497                         0.03591492
    SCEL8_8_1_1_0_5_2/22          1      0.25000000         -0.05081061                     0.02155089    -0.04613795                         0.02608054
    SCEL8_8_1_1_0_5_2/23          1      0.12500000         -0.02659975                     0.01091098    -0.02628785                         0.01611022
