#                  name    selected         comp(a)    formation_energy    hull_dist(MASTER,atom_frac)        clex()    clex_hull_dist(MASTER,atom_frac)
    SCEL1_1_1_1_0_0_0/0           1      1.00000000         -0.00000000                     0.00000000    0.00475504                          0.00000000
    SCEL1_1_1_1_0_0_0/1           1      0.00000000         0.00000000                      0.00000000    -0.01153646                         0.00000000
    SCEL2_2_1_1_0_0_1/0           1      0.50000000         -0.03362458                     0.07908787    -0.03161920                         0.07972011
    SCEL2_2_1_1_0_1_1/0           1      0.50000000         -0.05306719                     0.06612613    -0.05255074                         0.06576575
    SCEL3_3_1_1_0_0_2/0           1      0.66666667         -0.07657772                     0.02815741    -0.07967860                         0.02561749
    SCEL3_3_1_1_0_0_2/1           1      0.33333333         -0.00247946                     0.07507910    0.00273422                          0.08053446
    SCEL3_3_1_1_0_2_1/0           1      0.66666667         -0.11653362                     0.00418387    -0.11590883                         0.00387935
    SCEL3_3_1_1_0_2_1/1           1      0.33333333         -0.07168021                     0.02317854    -0.06948343                         0.02637123
    SCEL3_3_1_1_0_2_2/0           1      0.66666667         0.00297396                      0.07588842    0.00120525                          0.07414780
    SCEL3_3_1_1_0_2_2/1           1      0.33333333         -0.01113396                     0.06858823    -0.01092716                         0.07028842
    SCEL4_2_2_1_0_1_0/0           1      0.75000000         -0.09173820                     0.00946179    -0.09516176                         0.00731439
    SCEL4_2_2_1_0_1_0/1           1      0.25000000         -0.02685051                     0.04071896    -0.02520489                         0.04493042
    SCEL4_2_2_1_1_1_0/0           1      0.75000000         0.03072950                      0.07944333    0.02802754                          0.07770828
    SCEL4_2_2_1_1_1_0/1           1      0.25000000         -0.06100486                     0.01339548    -0.05741279                         0.01916410
    SCEL4_4_1_1_0_0_0/0           1      0.75000000         -0.04503584                     0.03614885    -0.03177738                         0.04353404
    SCEL4_4_1_1_0_0_0/1           1      0.50000000         0.00084257                      0.10206597    -0.00212641                         0.09938197
    SCEL4_4_1_1_0_0_0/2           1      0.25000000         -0.00705429                     0.05655594    -0.00852960                         0.05827065
    SCEL4_4_1_1_0_0_2/0           1      0.75000000         -0.10660828                     0.00096460    -0.10752896                         0.00024742
    SCEL4_4_1_1_0_0_2/1           1      0.50000000         -0.06309656                     0.05943987    -0.06221226                         0.05932474
    SCEL4_4_1_1_0_0_2/2           1      0.25000000         -0.01161094                     0.05291062    -0.00871503                         0.05812230
    SCEL4_4_1_1_0_0_3/0           1      0.75000000         -0.02977428                     0.04486974    -0.03567379                         0.04130752
    SCEL4_4_1_1_0_0_3/1           1      0.50000000         -0.03937695                     0.07525295    -0.03546679                         0.07715505
    SCEL4_4_1_1_0_0_3/2           1      0.25000000         -0.01638868                     0.04908843    -0.02086945                         0.04839877
    SCEL4_4_1_1_0_1_0/0           1      0.75000000         -0.06269318                     0.02605895    -0.06643334                         0.02373063
    SCEL4_4_1_1_0_1_0/1           1      0.50000000         -0.04704055                     0.07014388    -0.05580123                         0.06359876
    SCEL4_4_1_1_0_1_0/2           1      0.25000000         -0.01975622                     0.04639440    -0.02020463                         0.04893063
    SCEL4_4_1_1_0_2_1/0           1      0.75000000         -0.05610181                     0.02982544    -0.05412396                         0.03076456
    SCEL4_4_1_1_0_2_1/1           1      0.50000000         -0.15225637                     0.00000000    -0.15119937                         0.00000000
    SCEL4_4_1_1_0_2_1/2           1      0.25000000         -0.07774921                     0.00000000    -0.07701481                         0.00348248
    SCEL5_1_1_5_0_0_0/0           1      0.80000000         -0.01392118                     0.04578569    -0.02129409                         0.04315854
    SCEL5_1_1_5_0_0_0/1           1      0.60000000         -0.01006549                     0.07808819    -0.01576852                         0.07383493
    SCEL5_1_1_5_0_0_0/2           1      0.60000000         -0.02458047                     0.06901632    -0.02299850                         0.06931619
    SCEL5_1_1_5_0_0_0/3           1      0.40000000         -0.02586996                     0.06898825    -0.02564173                         0.06973218
    SCEL5_1_1_5_0_0_0/4           1      0.40000000         0.00552708                      0.09141470    0.00531882                          0.09184686
    SCEL5_1_1_5_0_0_0/5           1      0.20000000         -0.00723104                     0.04580694    -0.00610828                         0.05107779
    SCEL5_5_1_1_0_0_3/0           1      0.80000000         -0.06582601                     0.01694968    -0.07458795                         0.01355083
    SCEL5_5_1_1_0_0_3/1           1      0.60000000         -0.10341008                     0.01974782    -0.09691738                         0.02311688
    SCEL5_5_1_1_0_0_3/2           1      0.60000000         -0.06946094                     0.04096603    -0.06418437                         0.04357502
    SCEL5_5_1_1_0_0_3/3           1      0.40000000         -0.04905737                     0.05242581    -0.05363598                         0.04973629
    SCEL5_5_1_1_0_0_3/4           1      0.40000000         -0.01835377                     0.07435695    -0.02582380                         0.06960213
    SCEL5_5_1_1_0_0_3/5           1      0.20000000         -0.00070143                     0.05124828    0.00379573                          0.05933112
    SCEL5_5_1_1_0_0_4/0           1      0.80000000         -0.05730478                     0.02168370    -0.04090817                         0.03226182
    SCEL5_5_1_1_0_0_4/1           1      0.60000000         -0.06313958                     0.04491688    -0.06473430                         0.04323131
    SCEL5_5_1_1_0_0_4/2           1      0.60000000         -0.00780675                     0.07949990    -0.01767109                         0.07264582
    SCEL5_5_1_1_0_0_4/3           1      0.40000000         -0.00653565                     0.08279847    -0.00713112                         0.08295405
    SCEL5_5_1_1_0_0_4/4           1      0.40000000         -0.03432986                     0.06294547    -0.03631561                         0.06210798
    SCEL5_5_1_1_0_0_4/5           1      0.20000000         -0.00608567                     0.04676142    -0.00520781                         0.05182818
    SCEL5_5_1_1_0_1_3/0           1      0.80000000         -0.08686661                     0.00526046    -0.09501773                         0.00220096
    SCEL5_5_1_1_0_1_3/1           1      0.60000000         -0.12077771                     0.00889305    -0.11643858                         0.01091614
    SCEL5_5_1_1_0_1_3/2           1      0.40000000         -0.08110683                     0.02953334    -0.08231164                         0.02925367
    SCEL5_5_1_1_0_1_3/3           1      0.20000000         -0.03249201                     0.02475613    -0.03002215                         0.03114955
    SCEL5_5_1_1_0_4_3/0           1      0.80000000         -0.05605169                     0.02237986    -0.05580396                         0.02398638
    SCEL5_5_1_1_0_4_3/1           1      0.60000000         -0.06562321                     0.04336461    -0.06750236                         0.04150128
    SCEL5_5_1_1_0_4_3/2           1      0.60000000         -0.02911021                     0.06618524    -0.03095786                         0.06434159
    SCEL5_5_1_1_0_4_3/3           1      0.40000000         -0.04373994                     0.05622398    -0.04684997                         0.05458344
    SCEL5_5_1_1_0_4_3/4           1      0.40000000         -0.02287384                     0.07112834    -0.02694948                         0.06879808
    SCEL5_5_1_1_0_4_3/5           1      0.20000000         -0.04059812                     0.01800104    -0.03440149                         0.02750011
    SCEL6_2_3_1_0_1_0/0           1      0.83333333         -0.05572074                     0.01780405    -0.05781838                         0.01918513
    SCEL6_2_3_1_0_1_0/1           1      0.66666667         -0.08997613                     0.02011836    -0.08290557                         0.02368131
    SCEL6_2_3_1_0_1_0/2           1      0.66666667         -0.07440507                     0.02946100    -0.07411815                         0.02895376
    SCEL6_2_3_1_0_1_0/3           1      0.50000000         -0.05785490                     0.06293431    -0.05983598                         0.06090892
    SCEL6_2_3_1_0_1_0/4           1      0.50000000         -0.03580498                     0.07763426    -0.03256638                         0.07908866
    SCEL6_2_3_1_0_1_0/5           1      0.33333333         -0.01423816                     0.06626008    -0.01965239                         0.06374451
    SCEL6_2_3_1_0_1_0/6           1      0.33333333         -0.01564454                     0.06520529    -0.01379650                         0.06813642
    SCEL6_2_3_1_0_1_0/7           1      0.16666667         -0.00566128                     0.03957559    -0.00313694                         0.04710327
    SCEL6_3_1_2_0_0_0/0           1      0.83333333         -0.06066747                     0.01510583    -0.06137243                         0.01724655
    SCEL6_3_1_2_0_0_0/1           1      0.66666667         -0.07961534                     0.02633484    -0.07573100                         0.02798605
    SCEL6_3_1_2_0_0_0/2           1      0.66666667         -0.09001954                     0.02009232    -0.08328176                         0.02345559
    SCEL6_3_1_2_0_0_0/3           1      0.50000000         -0.04967265                     0.06838915    -0.04942724                         0.06784809
    SCEL6_3_1_2_0_0_0/4           1      0.50000000         -0.03585752                     0.07759924    -0.03085663                         0.08022849
    SCEL6_3_1_2_0_0_0/5           1      0.33333333         -0.01026682                     0.06923859    -0.01178750                         0.06964317
    SCEL6_3_1_2_0_0_0/6           1      0.33333333         -0.01909682                     0.06261608    -0.01620834                         0.06632754
    SCEL6_3_1_2_0_0_0/7           1      0.16666667         -0.01254755                     0.03367308    -0.00296995                         0.04724641
    SCEL6_3_1_2_0_0_2/0           1      0.83333333         -0.04221295                     0.02517194    -0.05529263                         0.02056281
    SCEL6_3_1_2_0_0_2/1           1      0.66666667         -0.05663071                     0.04012562    -0.05581472                         0.03993582
    SCEL6_3_1_2_0_0_2/2           1      0.66666667         -0.08408574                     0.02365260    -0.08059369                         0.02506844
    SCEL6_3_1_2_0_0_2/3           1      0.50000000         -0.05318474                     0.06604775    -0.05390867                         0.06486047
    SCEL6_3_1_2_0_0_2/4           1      0.50000000         -0.04134694                     0.07393962    -0.05296925                         0.06548674
    SCEL6_3_1_2_0_0_2/5           1      0.33333333         -0.02665309                     0.05694888    -0.02666855                         0.05848239
    SCEL6_3_1_2_0_0_2/6           1      0.33333333         -0.02523045                     0.05801586    -0.02773938                         0.05767927
    SCEL6_3_1_2_0_0_2/7           1      0.16666667         -0.00152156                     0.04312393    0.00223795                          0.05171032
    SCEL6_3_1_2_0_2_2/0           1      0.83333333         -0.06259625                     0.01405377    -0.06365724                         0.01600030
    SCEL6_3_1_2_0_2_2/1           1      0.66666667         -0.04446676                     0.04742399    -0.04690989                         0.04527872
    SCEL6_3_1_2_0_2_2/2           1      0.66666667         -0.09563860                     0.01672089    -0.09609823                         0.01576571
    SCEL6_3_1_2_0_2_2/3           1      0.50000000         -0.03837497                     0.07592093    -0.03866168                         0.07502513
    SCEL6_3_1_2_0_2_2/4           1      0.50000000         -0.07898684                     0.04884635    -0.07697964                         0.04947982
    SCEL6_3_1_2_0_2_2/5           1      0.33333333         -0.01837388                     0.06315829    -0.02071189                         0.06294988
    SCEL6_3_1_2_0_2_2/6           1      0.33333333         -0.02510181                     0.05811234    -0.02244875                         0.06164723
    SCEL6_3_1_2_0_2_2/7           1      0.16666667         -0.00970678                     0.03610802    -0.00620003                         0.04447777
    SCEL6_3_2_1_0_1_2/0           1      0.83333333         -0.08836150                     0.00000000    -0.09299112                         0.00000000
    SCEL6_3_2_1_0_1_2/1           1      0.66666667         -0.10662722                     0.01012771    -0.10620978                         0.00969879
    SCEL6_3_2_1_0_1_2/2           1      0.66666667         -0.11362864                     0.00592686    -0.12166284                         0.00042695
    SCEL6_3_2_1_0_1_2/3           1      0.50000000         -0.11194141                     0.02687664    -0.11005664                         0.02742848
    SCEL6_3_2_1_0_1_2/4           1      0.50000000         -0.08618723                     0.04404609    -0.08203256                         0.04611120
    SCEL6_3_2_1_0_1_2/5           1      0.33333333         -0.05118288                     0.03855154    -0.05920858                         0.03407736
    SCEL6_3_2_1_0_1_2/6           1      0.33333333         -0.00298822                     0.07469754    -0.00969568                         0.07121203
    SCEL6_3_2_1_0_1_2/7           1      0.16666667         -0.01031733                     0.03558470    -0.00597346                         0.04467197
    SCEL6_6_1_1_0_0_5/0           1      0.83333333         -0.03722839                     0.02789079    -0.03293166                         0.03275970
    SCEL6_6_1_1_0_0_5/1           1      0.66666667         -0.02054592                     0.06177649    -0.02430158                         0.05884370
    SCEL6_6_1_1_0_0_5/2           1      0.66666667         -0.02407328                     0.05966008    -0.03715653                         0.05113073
    SCEL6_6_1_1_0_0_5/3           1      0.50000000         -0.01268788                     0.09304566    -0.02061245                         0.08705794
    SCEL6_6_1_1_0_0_5/4           1      0.50000000         -0.03626183                     0.07732970    -0.03576438                         0.07695666
    SCEL6_6_1_1_0_0_5/5           1      0.33333333         -0.03133393                     0.05343825    -0.01995794                         0.06351534
    SCEL6_6_1_1_0_0_5/6           1      0.33333333         -0.01858718                     0.06299831    -0.02049074                         0.06311574
    SCEL6_6_1_1_0_0_5/7           1      0.16666667         -0.00763236                     0.03788610    -0.00589661                         0.04473784
    SCEL6_6_1_1_0_1_0/0           1      0.83333333         -0.05312191                     0.01922160    -0.05316422                         0.02172376
    SCEL6_6_1_1_0_1_0/1           1      0.66666667         -0.05184693                     0.04299588    -0.04246260                         0.04794709
    SCEL6_6_1_1_0_1_0/2           1      0.66666667         -0.05131098                     0.04331745    -0.04925116                         0.04387396
    SCEL6_6_1_1_0_1_0/3           1      0.50000000         -0.01574693                     0.09100630    -0.01576542                         0.09028929
    SCEL6_6_1_1_0_1_0/4           1      0.50000000         -0.07196546                     0.05352728    -0.06793405                         0.05551021
    SCEL6_6_1_1_0_1_0/5           1      0.33333333         -0.04062529                     0.04646973    -0.03412404                         0.05289076
    SCEL6_6_1_1_0_1_0/6           1      0.33333333         -0.02568352                     0.05767606    -0.02501837                         0.05972002
    SCEL6_6_1_1_0_1_0/7           1      0.16666667         -0.02437557                     0.02353478    -0.02934507                         0.02463917
    SCEL6_6_1_1_0_1_4/0           1      0.83333333         -0.07157454                     0.00915653    -0.07119530                         0.01188863
    SCEL6_6_1_1_0_1_4/1           1      0.66666667         -0.11693225                     0.00394470    -0.11221992                         0.00609270
    SCEL6_6_1_1_0_1_4/2           1      0.66666667         -0.04418270                     0.04759442    -0.05278107                         0.04175601
    SCEL6_6_1_1_0_1_4/3           1      0.50000000         -0.05416483                     0.06539436    -0.06326150                         0.05862524
    SCEL6_6_1_1_0_1_4/4           1      0.50000000         -0.07864207                     0.04907620    -0.08459858                         0.04440052
    SCEL6_6_1_1_0_1_4/5           1      0.33333333         -0.01172924                     0.06814177    -0.01934229                         0.06397708
    SCEL6_6_1_1_0_1_4/6           1      0.33333333         -0.05562590                     0.03521927    -0.05371304                         0.03819902
    SCEL6_6_1_1_0_1_4/7           1      0.16666667         -0.02339373                     0.02437635    -0.01768899                         0.03463009
    SCEL6_6_1_1_0_3_2/0           1      0.83333333         -0.03888605                     0.02698661    -0.03678219                         0.03065941
    SCEL6_6_1_1_0_3_2/1           1      0.66666667         -0.06275188                     0.03645291    -0.06976669                         0.03156464
    SCEL6_6_1_1_0_3_2/2           1      0.66666667         -0.01943364                     0.06244386    -0.01836232                         0.06240726
    SCEL6_6_1_1_0_3_2/3           1      0.50000000         -0.07948790                     0.04851232    -0.07890873                         0.04819375
    SCEL6_6_1_1_0_3_2/4           1      0.50000000         -0.04683483                     0.07028103    -0.04605437                         0.07009667
    SCEL6_6_1_1_0_3_2/5           1      0.33333333         -0.07199977                     0.02293887    -0.07550681                         0.02185369
    SCEL6_6_1_1_0_3_2/6           1      0.33333333         -0.05948752                     0.03232306    -0.05808383                         0.03492092
    SCEL6_6_1_1_0_3_2/7           1      0.16666667         -0.03685401                     0.01283897    -0.04298268                         0.01294978
    SCEL6_6_1_1_0_5_5/0           1      0.83333333         -0.02356796                     0.03534193    -0.01706256                         0.04141558
    SCEL6_6_1_1_0_5_5/1           1      0.66666667         -0.00899322                     0.06870811    -0.01594555                         0.06385732
    SCEL6_6_1_1_0_5_5/2           1      0.66666667         -0.04171469                     0.04907523    -0.03514797                         0.05233587
    SCEL6_6_1_1_0_5_5/3           1      0.50000000         -0.01800171                     0.08950311    -0.01353544                         0.09177595
    SCEL6_6_1_1_0_5_5/4           1      0.50000000         -0.01000280                     0.09483572    -0.00942461                         0.09451651
    SCEL6_6_1_1_0_5_5/5           1      0.33333333         0.00183524                      0.07831513    0.00480853                          0.08209019
    SCEL6_6_1_1_0_5_5/6           1      0.33333333         -0.02229916                     0.06021433    -0.02181091                         0.06212561
    SCEL6_6_1_1_0_5_5/7           1      0.16666667         -0.00574848                     0.03950085    -0.00712297                         0.04368668
    SCEL7_7_1_1_0_0_0/0           1      0.85714286         -0.01538087                     0.03405850    -0.01394576                         0.03610061
    SCEL7_7_1_1_0_0_0/1           1      0.71428571         -0.02146421                     0.05473320    -0.01764197                         0.05628977
    SCEL7_7_1_1_0_0_0/2           1      0.71428571         -0.01524558                     0.05836073    -0.01308261                         0.05894940
    SCEL7_7_1_1_0_0_0/3           1      0.57142857         0.00079157                      0.08955333    -0.00079284                         0.08785190
    SCEL7_7_1_1_0_0_0/4           1      0.71428571         -0.01887973                     0.05624082    -0.02717839                         0.05072686
    SCEL7_7_1_1_0_0_0/5           1      0.57142857         -0.02728608                     0.07168574    -0.02506910                         0.07240337
    SCEL7_7_1_1_0_0_0/6           1      0.42857143         -0.00559505                     0.08776149    -0.00599244                         0.08767855
    SCEL7_7_1_1_0_0_0/7           1      0.57142857         -0.02054069                     0.07597826    -0.02627772                         0.07163424
    SCEL7_7_1_1_0_0_0/8           1      0.57142857         -0.00311618                     0.08706659    -0.00884193                         0.08272975
    SCEL7_7_1_1_0_0_0/9           1      0.42857143         -0.00466263                     0.08841419    -0.00571374                         0.08787365
    SCEL7_7_1_1_0_0_0/10          1      0.42857143         -0.03222530                     0.06912032    -0.03333002                         0.06854225
    SCEL7_7_1_1_0_0_0/11          1      0.28571429         -0.00800192                     0.06252647    -0.00955713                         0.06361188
    SCEL7_7_1_1_0_0_0/12          1      0.42857143         -0.01560519                     0.08075439    -0.01127937                         0.08397770
    SCEL7_7_1_1_0_0_0/13          1      0.28571429         0.00274485                      0.07088507    0.00237925                          0.07289573
    SCEL7_7_1_1_0_0_0/14          1      0.28571429         -0.01890358                     0.05404740    -0.01818407                         0.05690204
    SCEL7_7_1_1_0_0_0/15          1      0.14285714         -0.00445062                     0.03498031    -0.00775347                         0.03822584
    SCEL7_7_1_1_0_0_6/0           1      0.85714286         -0.02922978                     0.02660139    -0.02754785                         0.02877641
    SCEL7_7_1_1_0_0_6/1           1      0.71428571         -0.04890072                     0.03872857    -0.04068355                         0.04284885
    SCEL7_7_1_1_0_0_6/2           1      0.71428571         -0.05419922                     0.03563778    -0.05453299                         0.03477001
    SCEL7_7_1_1_0_0_6/3           1      0.57142857         -0.05432284                     0.05448053    -0.05527284                         0.05318280
    SCEL7_7_1_1_0_0_6/4           1      0.71428571         -0.02426238                     0.05310094    -0.01983695                         0.05500937
    SCEL7_7_1_1_0_0_6/6           1      0.42857143         -0.01311720                     0.08249599    -0.01412771                         0.08198387
    SCEL7_7_1_1_0_0_6/7           1      0.57142857         -0.02626479                     0.07233565    -0.02587554                         0.07189018
    SCEL7_7_1_1_0_0_6/8           1      0.57142857         -0.05602606                     0.05339666    -0.05410102                         0.05392850
    SCEL7_7_1_1_0_0_6/9           1      0.42857143         -0.03388939                     0.06795546    -0.03988344                         0.06395486
    SCEL7_7_1_1_0_0_6/10          1      0.42857143         -0.00793202                     0.08612561    -0.00883490                         0.08568883
    SCEL7_7_1_1_0_0_6/11          1      0.28571429         -0.01069357                     0.06043296    -0.00935795                         0.06376680
    SCEL7_7_1_1_0_0_6/12          1      0.42857143         -0.02130643                     0.07676353    -0.01878124                         0.07872640
    SCEL7_7_1_1_0_0_6/14          1      0.28571429         -0.02326320                     0.05065658    -0.01844118                         0.05670206
    SCEL7_7_1_1_0_0_6/15          1      0.14285714         -0.00565537                     0.03392615    -0.00670230                         0.03914561
    SCEL7_7_1_1_0_2_4/0           1      0.85714286         -0.05470003                     0.01288664    -0.06161269                         0.01043380
    SCEL7_7_1_1_0_2_4/1           1      0.71428571         -0.08960033                     0.01498713    -0.08575589                         0.01655665
    SCEL7_7_1_1_0_2_4/2           1      0.71428571         -0.08519002                     0.01755981    -0.08114120                         0.01924855
    SCEL7_7_1_1_0_2_4/3           1      0.57142857         -0.07743758                     0.03977115    -0.07614622                         0.03989974
    SCEL7_7_1_1_0_2_4/4           1      0.71428571         -0.08566289                     0.01728397    -0.08645927                         0.01614635
    SCEL7_7_1_1_0_2_4/5           1      0.57142857         -0.07770434                     0.03960139    -0.07328297                         0.04172181
    SCEL7_7_1_1_0_2_4/6           1      0.42857143         -0.06470057                     0.04638763    -0.05911306                         0.05049412
    SCEL7_7_1_1_0_2_4/7           1      0.57142857         -0.07449110                     0.04164618    -0.06972417                         0.04398650
    SCEL7_7_1_1_0_2_4/8           1      0.57142857         -0.11422595                     0.01636037    -0.11367653                         0.01601682
    SCEL7_7_1_1_0_2_4/9           1      0.42857143         -0.06337176                     0.04731779    -0.06425853                         0.04689229
    SCEL7_7_1_1_0_2_4/10          1      0.42857143         -0.03073100                     0.07016633    -0.03220941                         0.06932667
    SCEL7_7_1_1_0_2_4/11          1      0.28571429         -0.03717537                     0.03983601    -0.03726361                         0.04206239
    SCEL7_7_1_1_0_2_4/12          1      0.42857143         -0.10602415                     0.01746112    -0.10632532                         0.01744554
    SCEL7_7_1_1_0_2_4/13          1      0.28571429         -0.07597234                     0.00966059    -0.07249441                         0.01466066
    SCEL7_7_1_1_0_2_4/14          1      0.28571429         -0.03085190                     0.04475426    -0.02716735                         0.04991504
    SCEL7_7_1_1_0_2_4/15          1      0.14285714         -0.02770341                     0.01463412    -0.02745708                         0.02098518
    SCEL7_7_1_1_0_3_5/0           1      0.85714286         -0.07477186                     0.00207873    -0.08098975                         0.00000000
    SCEL7_7_1_1_0_3_5/1           1      0.71428571         -0.10604293                     0.00539562    -0.11047716                         0.00213591
    SCEL7_7_1_1_0_3_5/2           1      0.57142857         -0.10062522                     0.02501538    -0.09848760                         0.02568250
    SCEL7_7_1_1_0_3_5/3           1      0.57142857         -0.09637300                     0.02772133    -0.09885336                         0.02544975
    SCEL7_7_1_1_0_3_5/4           1      0.42857143         -0.07000831                     0.04267221    -0.07116295                         0.04205920
    SCEL7_7_1_1_0_3_5/5           1      0.42857143         -0.04534488                     0.05993661    -0.04958292                         0.05716522
    SCEL7_7_1_1_0_3_5/6           1      0.28571429         -0.02123050                     0.05223757    -0.02138342                         0.05441365
    SCEL7_7_1_1_0_3_5/7           1      0.14285714         0.00204934                      0.04066778    0.00344927                          0.04802824
    SCEL7_7_1_1_0_3_6/0           1      0.85714286         -0.06701788                     0.00625395    -0.05587925                         0.01352104
    SCEL7_7_1_1_0_3_6/1           1      0.71428571         -0.04840294                     0.03901895    -0.04737702                         0.03894432
    SCEL7_7_1_1_0_3_6/2           1      0.71428571         -0.07325156                     0.02452391    -0.07455686                         0.02308942
    SCEL7_7_1_1_0_3_6/3           1      0.57142857         -0.03107087                     0.06927724    -0.03076162                         0.06878085
    SCEL7_7_1_1_0_3_6/4           1      0.71428571         -0.11529256                     0.00000000    -0.11175278                         0.00139180
    SCEL7_7_1_1_0_3_6/5           1      0.57142857         -0.08346367                     0.03593637    -0.07945266                         0.03779564
    SCEL7_7_1_1_0_3_6/6           1      0.42857143         -0.03778710                     0.06522706    -0.03197140                         0.06949328
    SCEL7_7_1_1_0_3_6/7           1      0.57142857         -0.08594345                     0.03435833    -0.08645457                         0.03333988
    SCEL7_7_1_1_0_3_6/8           1      0.57142857         -0.09051646                     0.03144822    -0.08377721                         0.03504366
    SCEL7_7_1_1_0_3_6/9           1      0.42857143         -0.04196758                     0.06230073    -0.04750097                         0.05862259
    SCEL7_7_1_1_0_3_6/10          1      0.42857143         -0.06390930                     0.04694152    -0.06505338                         0.04633590
    SCEL7_7_1_1_0_3_6/11          1      0.28571429         -0.01891588                     0.05403783    -0.02150199                         0.05432143
    SCEL7_7_1_1_0_3_6/12          1      0.42857143         -0.05218296                     0.05514995    -0.05617938                         0.05254770
    SCEL7_7_1_1_0_3_6/13          1      0.28571429         -0.01764471                     0.05502652    -0.01367759                         0.06040708
    SCEL7_7_1_1_0_3_6/14          1      0.28571429         -0.03332510                     0.04283066    -0.03445917                         0.04424363
    SCEL7_7_1_1_0_3_6/15          1      0.14285714         -0.01016704                     0.02997844    -0.00585132                         0.03989022
    SCEL7_7_1_1_0_6_4/0           1      0.85714286         -0.03620826                     0.02284375    -0.04755406                         0.01800383
    SCEL7_7_1_1_0_6_4/1           1      0.71428571         -0.05344893                     0.03607545    -0.05431137                         0.03489929
    SCEL7_7_1_1_0_6_4/2           1      0.71428571         -0.09587990                     0.01132405    -0.09204991                         0.01288514
    SCEL7_7_1_1_0_6_4/3           1      0.57142857         -0.05270180                     0.05551210    -0.05283330                         0.05473524
    SCEL7_7_1_1_0_6_4/4           1      0.71428571         -0.04050235                     0.04362762    -0.04079417                         0.04278432
    SCEL7_7_1_1_0_6_4/5           1      0.57142857         -0.06219563                     0.04947057    -0.06232161                         0.04869722
    SCEL7_7_1_1_0_6_4/6           1      0.42857143         -0.02802875                     0.07205791    -0.02933159                         0.07134115
    SCEL7_7_1_1_0_6_4/7           1      0.57142857         -0.01990045                     0.07638569    -0.02369666                         0.07327673
    SCEL7_7_1_1_0_6_4/8           1      0.57142857         -0.06229484                     0.04940744    -0.05976833                         0.05032204
    SCEL7_7_1_1_0_6_4/9           1      0.42857143         -0.02293902                     0.07562071    -0.02923421                         0.07140931
    SCEL7_7_1_1_0_6_4/10          1      0.42857143         -0.03215655                     0.06916844    -0.03218001                         0.06934726
    SCEL7_7_1_1_0_6_4/11          1      0.28571429         -0.00606025                     0.06403665    -0.00761601                         0.06512164
    SCEL7_7_1_1_0_6_4/12          1      0.42857143         -0.02313321                     0.07548478    -0.02728983                         0.07277038
    SCEL7_7_1_1_0_6_4/13          1      0.28571429         0.00348562                      0.07146122    0.00458409                          0.07461060
    SCEL7_7_1_1_0_6_4/14          1      0.28571429         -0.01799160                     0.05475672    -0.01710709                         0.05773969
    SCEL7_7_1_1_0_6_4/15          1      0.14285714         -0.00244211                     0.03673776    0.00346337                          0.04804058
    SCEL7_7_1_1_0_6_5/0           1      0.85714286         -0.04615331                     0.01748872    -0.04576348                         0.01896799
    SCEL7_7_1_1_0_6_5/1           1      0.71428571         -0.04210956                     0.04269008    -0.04526244                         0.04017783
    SCEL7_7_1_1_0_6_5/2           1      0.71428571         -0.09024852                     0.01460902    -0.08588406                         0.01648189
    SCEL7_7_1_1_0_6_5/3           1      0.57142857         -0.06533806                     0.04747084    -0.05662340                         0.05232336
    SCEL7_7_1_1_0_6_5/4           1      0.71428571         -0.05083849                     0.03759821    -0.04326980                         0.04134020
    SCEL7_7_1_1_0_6_5/5           1      0.57142857         -0.04707488                     0.05909287    -0.04451476                         0.06002886
    SCEL7_7_1_1_0_6_5/6           1      0.42857143         -0.03835136                     0.06483208    -0.03926001                         0.06439126
    SCEL7_7_1_1_0_6_5/7           1      0.57142857         -0.02845490                     0.07094195    -0.02848885                         0.07022716
    SCEL7_7_1_1_0_6_5/8           1      0.57142857         -0.08756203                     0.03332832    -0.08665638                         0.03321146
    SCEL7_7_1_1_0_6_5/9           1      0.42857143         -0.04534741                     0.05993484    -0.04366311                         0.06130909
    SCEL7_7_1_1_0_6_5/10          1      0.42857143         -0.01715127                     0.07967214    -0.01997964                         0.07788752
    SCEL7_7_1_1_0_6_5/11          1      0.28571429         -0.03535166                     0.04125445    -0.02920151                         0.04833292
    SCEL7_7_1_1_0_6_5/12          1      0.42857143         -0.06162513                     0.04854044    -0.05880294                         0.05071121
    SCEL7_7_1_1_0_6_5/13          1      0.28571429         -0.03859078                     0.03873513    -0.03998883                         0.03994278
    SCEL7_7_1_1_0_6_5/14          1      0.28571429         -0.02633408                     0.04826812    -0.02557300                         0.05115510
    SCEL7_7_1_1_0_6_5/15          1      0.14285714         -0.02155253                     0.02001615    -0.02386720                         0.02412633
    SCEL8_1_1_8_0_0_0/0           1      0.87500000         -0.01552776                     0.02976413    -0.01160816                         0.03167009
    SCEL8_1_1_8_0_0_0/1           1      0.75000000         -0.00825499                     0.05716648    -0.01285684                         0.05434578
    SCEL8_1_1_8_0_0_0/2           1      0.75000000         -0.02710495                     0.04639508    -0.02326920                         0.04839585
    SCEL8_1_1_8_0_0_0/4           1      0.75000000         -0.01064197                     0.05580249    -0.01085290                         0.05549088
    SCEL8_1_1_8_0_0_0/5           1      0.62500000         -0.01420269                     0.07168705    -0.01943807                         0.06778005
    SCEL8_1_1_8_0_0_0/6           1      0.50000000         -0.01097218                     0.09418946    -0.01290871                         0.09219377
    SCEL8_1_1_8_0_0_0/7           1      0.62500000         -0.01938009                     0.06850096    -0.01547824                         0.07021687
    SCEL8_1_1_8_0_0_0/8           1      0.62500000         -0.04399709                     0.05335203    -0.03949866                         0.05543507
    SCEL8_1_1_8_0_0_0/9           1      0.50000000         -0.01902346                     0.08882194    -0.02012364                         0.08738381
    SCEL8_1_1_8_0_0_0/10          1      0.50000000         -0.01806933                     0.08945803    -0.01855424                         0.08843008
    SCEL8_1_1_8_0_0_0/11          1      0.37500000         -0.02023544                     0.06892171    -0.02012377                         0.06993445
    SCEL8_1_1_8_0_0_0/12          1      0.62500000         -0.00998932                     0.07427989    -0.00722480                         0.07529591
    SCEL8_1_1_8_0_0_0/13          1      0.50000000         0.00343119                      0.10379171    0.00369374                          0.10326207
    SCEL8_1_1_8_0_0_0/14          1      0.50000000         -0.02509730                     0.08477272    -0.01994903                         0.08750023
    SCEL8_1_1_8_0_0_0/15          1      0.37500000         -0.00444913                     0.08040266    -0.00463490                         0.08119909
    SCEL8_1_1_8_0_0_0/16          1      0.37500000         -0.00200090                     0.08218319    -0.00309196                         0.08232122
    SCEL8_1_1_8_0_0_0/17          1      0.25000000         -0.00837985                     0.05549549    -0.00791536                         0.05876204
    SCEL8_1_1_8_0_0_0/18          1      0.50000000         -0.00393199                     0.09888292    -0.00745456                         0.09582987
    SCEL8_1_1_8_0_0_0/19          1      0.37500000         -0.02961791                     0.06209810    -0.02949587                         0.06311838
    SCEL8_1_1_8_0_0_0/20          1      0.37500000         -0.01336826                     0.07391603    -0.01139400                         0.07628337
    SCEL8_1_1_8_0_0_0/21          1      0.25000000         -0.01586351                     0.04950856    -0.01743561                         0.05114584
    SCEL8_1_1_8_0_0_0/22          1      0.25000000         0.00369959                      0.06515904    0.00063979                          0.06560616
    SCEL8_1_1_8_0_0_0/23          1      0.12500000         -0.00284473                     0.03202655    -0.00822634                         0.03397853
    SCEL8_2_2_2_0_0_0/0           1      0.87500000         -0.04957965                     0.01160313    -0.06100756                         0.00532375
    SCEL8_2_2_2_0_0_0/1           1      0.62500000         -0.09151136                     0.02411249    -0.08981051                         0.02447393
    SCEL8_2_2_2_0_0_0/2           1      0.50000000         -0.02989319                     0.08157546    -0.03143226                         0.07984473
    SCEL8_2_2_2_0_0_0/3           1      0.37500000         -0.02968005                     0.06205291    -0.02564460                         0.06591930
    SCEL8_2_2_2_0_0_0/4           1      0.50000000         -0.05801922                     0.06282477    -0.05830777                         0.06192773
    SCEL8_2_2_2_0_0_0/5           1      0.62500000         -0.04241333                     0.05432665    -0.04107453                         0.05446531
    SCEL8_2_2_2_0_0_0/6           1      0.37500000         -0.04780991                     0.04886755    -0.05460722                         0.04485558
    SCEL8_2_2_2_0_0_0/7           1      0.12500000         -0.01809648                     0.01846944    -0.02431104                         0.01968102
    SCEL8_2_4_1_0_1_1/0           1      0.87500000         -0.05330584                     0.00961582    -0.05047077                         0.01094337
    SCEL8_2_4_1_0_1_1/1           1      0.75000000         -0.05643898                     0.02963277    -0.06019214                         0.02729703
    SCEL8_2_4_1_0_1_1/2           1      0.75000000         -0.10113716                     0.00409095    -0.10051153                         0.00425738
    SCEL8_2_4_1_0_1_1/3           1      0.62500000         -0.06837460                     0.03835049    -0.06415245                         0.04026351
    SCEL8_2_4_1_0_1_1/4           1      0.75000000         -0.05857110                     0.02841442    -0.06220021                         0.02614956
    SCEL8_2_4_1_0_1_1/5           1      0.62500000         -0.08447506                     0.02844252    -0.07603730                         0.03294976
    SCEL8_2_4_1_0_1_1/6           1      0.50000000         -0.04681929                     0.07029139    -0.04380016                         0.07159947
    SCEL8_2_4_1_0_1_1/7           1      0.62500000         -0.02747838                     0.06351740    -0.03435114                         0.05860278
    SCEL8_2_4_1_0_1_1/8           1      0.62500000         -0.07221140                     0.03598938    -0.07748871                         0.03205658
    SCEL8_2_4_1_0_1_1/9           1      0.50000000         -0.04346624                     0.07252676    -0.04474758                         0.07096786
    SCEL8_2_4_1_0_1_1/10          1      0.50000000         -0.04653723                     0.07047943    -0.04557541                         0.07041597
    SCEL8_2_4_1_0_1_1/11          1      0.37500000         -0.01921172                     0.06966624    -0.02124539                         0.06911873
    SCEL8_2_4_1_0_1_1/12          1      0.62500000         -0.07375442                     0.03503983    -0.07586991                         0.03305277
    SCEL8_2_4_1_0_1_1/13          1      0.50000000         -0.04038517                     0.07458080    -0.04146485                         0.07315634
    SCEL8_2_4_1_0_1_1/14          1      0.50000000         -0.05486850                     0.06492525    -0.05270042                         0.06566596
    SCEL8_2_4_1_0_1_1/15          1      0.37500000         -0.02370533                     0.06639816    -0.02869512                         0.06370074
    SCEL8_2_4_1_0_1_1/16          1      0.37500000         -0.01965688                     0.06934248    -0.01991928                         0.07008317
    SCEL8_2_4_1_0_1_1/17          1      0.25000000         -0.01371721                     0.05122561    -0.00864632                         0.05817727
    SCEL8_2_4_1_0_1_1/18          1      0.50000000         -0.05611927                     0.06409140    -0.05694960                         0.06283318
    SCEL8_2_4_1_0_1_1/19          1      0.37500000         -0.03451791                     0.05853446    -0.02996935                         0.06277403
    SCEL8_2_4_1_0_1_1/20          1      0.37500000         -0.02801078                     0.06326692    -0.03231371                         0.06106904
    SCEL8_2_4_1_0_1_1/21          1      0.25000000         -0.01880621                     0.04715440    -0.01555365                         0.05265141
    SCEL8_2_4_1_0_1_1/22          1      0.25000000         -0.01164869                     0.05288042    -0.01000526                         0.05709012
    SCEL8_2_4_1_0_1_1/23          1      0.12500000         -0.00869927                     0.02682252    -0.00548123                         0.03641862
    SCEL8_2_4_1_1_0_1/0           1      0.87500000         -0.06338683                     0.00423929    -0.06857468                         0.00128795
    SCEL8_2_4_1_1_0_1/1           1      0.75000000         -0.10702483                     0.00072657    -0.10648882                         0.00084179
    SCEL8_2_4_1_1_0_1/2           1      0.75000000         -0.08166792                     0.01521623    -0.07888821                         0.01661356
    SCEL8_2_4_1_1_0_1/3           1      0.62500000         -0.09381977                     0.02269193    -0.08796295                         0.02561089
    SCEL8_2_4_1_1_0_1/4           1      0.62500000         -0.11216177                     0.01140454    -0.11245438                         0.01053925
    SCEL8_2_4_1_1_0_1/5           1      0.50000000         -0.09809821                     0.03610544    -0.09282379                         0.03891705
    SCEL8_2_4_1_1_0_1/6           1      0.62500000         -0.08494556                     0.02815297    -0.08020629                         0.03038422
    SCEL8_2_4_1_1_0_1/7           1      0.62500000         -0.04280052                     0.05408839    -0.03718771                         0.05685720
    SCEL8_2_4_1_1_0_1/8           1      0.50000000         -0.04200796                     0.07349894    -0.04950511                         0.06779617
    SCEL8_2_4_1_1_0_1/9           1      0.50000000         -0.08379312                     0.04564217    -0.07925943                         0.04795996
    SCEL8_2_4_1_1_0_1/10          1      0.37500000         -0.04196451                     0.05311875    -0.04701301                         0.05037864
    SCEL8_2_4_1_1_0_1/11          1      0.50000000         -0.04038423                     0.07458143    -0.03792072                         0.07551910
    SCEL8_2_4_1_1_0_1/12          1      0.37500000         -0.02777255                     0.06344018    -0.03016572                         0.06263121
    SCEL8_2_4_1_1_0_1/13          1      0.37500000         -0.01687260                     0.07136741    -0.01488535                         0.07374421
    SCEL8_2_4_1_1_0_1/14          1      0.25000000         0.00156274                      0.06344957    0.00685781                          0.07058057
    SCEL8_2_4_1_1_0_1/15          1      0.37500000         -0.04693550                     0.04950349    -0.04638795                         0.05083323
    SCEL8_2_4_1_1_0_1/16          1      0.25000000         -0.04083923                     0.02952798    -0.04006277                         0.03304411
    SCEL8_2_4_1_1_0_1/17          1      0.12500000         -0.00323808                     0.03167691    -0.00150751                         0.03995082
    SCEL8_2_4_1_1_1_0/0           1      0.87500000         -0.03753279                     0.01802812    -0.04090074                         0.01604739
    SCEL8_2_4_1_1_1_0/1           1      0.75000000         -0.07771330                     0.01747602    -0.07257059                         0.02022363
    SCEL8_2_4_1_1_1_0/2           1      0.62500000         -0.08213347                     0.02988349    -0.07738571                         0.03211997
    SCEL8_2_4_1_1_1_0/3           1      0.62500000         -0.01290979                     0.07248268    -0.01366672                         0.07133165
    SCEL8_2_4_1_1_1_0/4           1      0.62500000         -0.02794640                     0.06322938    -0.02666624                         0.06333195
    SCEL8_2_4_1_1_1_0/5           1      0.50000000         -0.02825587                     0.08266700    -0.03434765                         0.07790114
    SCEL8_2_4_1_1_1_0/6           1      0.37500000         -0.01362998                     0.07372568    -0.02197783                         0.06858604
    SCEL8_2_4_1_1_1_0/7           1      0.37500000         -0.04357235                     0.05194941    -0.04216953                         0.05390117
    SCEL8_2_4_1_1_1_0/8           1      0.50000000         -0.04485206                     0.07160288    -0.04517137                         0.07068533
    SCEL8_2_4_1_1_1_0/9           1      0.37500000         -0.03258628                     0.05993928    -0.03709288                         0.05759328
    SCEL8_2_4_1_1_1_0/10          1      0.25000000         -0.01173174                     0.05281398    -0.00826570                         0.05848177
    SCEL8_2_4_1_1_1_0/11          1      0.12500000         -0.01724408                     0.01922713    -0.01296225                         0.02976883
    SCEL8_2_4_1_1_1_0/12          1      0.50000000         -0.06268722                     0.05971277    -0.06357180                         0.05841838
    SCEL8_4_1_2_0_0_0/0           1      0.87500000         -0.05326409                     0.00963809    -0.05101475                         0.01065324
    SCEL8_4_1_2_0_0_0/1           1      0.75000000         -0.06682537                     0.02369769    -0.06496639                         0.02456889
    SCEL8_4_1_2_0_0_0/2           1      0.62500000         -0.08624491                     0.02735338    -0.08134182                         0.02968543
    SCEL8_4_1_2_0_0_0/3           1      0.75000000         -0.05056694                     0.03298823    -0.05988813                         0.02747075
    SCEL8_4_1_2_0_0_0/4           1      0.62500000         -0.07350224                     0.03519502    -0.07777856                         0.03187821
    SCEL8_4_1_2_0_0_0/5           1      0.62500000         -0.07483147                     0.03437703    -0.07348143                         0.03452260
    SCEL8_4_1_2_0_0_0/6           1      0.50000000         -0.05317861                     0.06605184    -0.05251068                         0.06579246
    SCEL8_4_1_2_0_0_0/7           1      0.62500000         -0.06521065                     0.04029753    -0.06258808                         0.04122620
    SCEL8_4_1_2_0_0_0/8           1      0.37500000         -0.02530000                     0.06523840    -0.02887276                         0.06357155
    SCEL8_4_1_2_0_0_0/9           1      0.62500000         -0.02804113                     0.06317109    -0.03503824                         0.05817995
    SCEL8_4_1_2_0_0_0/10          1      0.50000000         -0.04798186                     0.06951634    -0.04717746                         0.06934794
    SCEL8_4_1_2_0_0_0/11          1      0.37500000         -0.03415006                     0.05880199    -0.03079957                         0.06217023
    SCEL8_4_1_2_0_0_0/12          1      0.50000000         -0.05455545                     0.06513395    -0.05308142                         0.06541196
    SCEL8_4_1_2_0_0_0/13          1      0.37500000         -0.03011960                     0.06173323    -0.03453144                         0.05945614
    SCEL8_4_1_2_0_0_0/14          1      0.25000000         -0.00923630                     0.05481033    -0.01196452                         0.05552271
    SCEL8_4_1_2_0_0_0/15          1      0.37500000         -0.02380326                     0.06632693    -0.02545700                         0.06605573
    SCEL8_4_1_2_0_0_0/16          1      0.12500000         -0.00380523                     0.03117278    -0.00605732                         0.03590655
    SCEL8_4_1_2_0_0_0/17          1      0.50000000         -0.04754536                     0.06980734    -0.04779282                         0.06893770
    SCEL8_4_1_2_0_0_0/18          1      0.50000000         -0.04139562                     0.07390717    -0.04148758                         0.07314119
    SCEL8_4_1_2_0_0_0/19          1      0.37500000         -0.02006071                     0.06904879    -0.02035225                         0.06976828
    SCEL8_4_1_2_0_0_0/20          1      0.25000000         -0.01180647                     0.05275420    -0.00870518                         0.05813019
    SCEL8_4_1_2_0_0_1/0           1      0.87500000         -0.05658378                     0.00786759    -0.06466202                         0.00337470
    SCEL8_4_1_2_0_0_1/1           1      0.75000000         -0.10498856                     0.00189016    -0.10173938                         0.00355575
    SCEL8_4_1_2_0_0_1/2           1      0.62500000         -0.08527170                     0.02795227    -0.07910436                         0.03106233
    SCEL8_4_1_2_0_0_1/3           1      0.62500000         -0.03713390                     0.05757554    -0.03942575                         0.05547994
    SCEL8_4_1_2_0_0_1/4           1      0.62500000         -0.10431132                     0.01623558    -0.09484145                         0.02137798
    SCEL8_4_1_2_0_0_1/5           1      0.50000000         -0.05447037                     0.06519067    -0.05472948                         0.06431326
    SCEL8_4_1_2_0_0_1/6           1      0.37500000         -0.01912399                     0.06973004    -0.02030157                         0.06980514
    SCEL8_4_1_2_0_0_1/7           1      0.62500000         -0.11439346                     0.01003119    -0.10275946                         0.01650535
    SCEL8_4_1_2_0_0_1/8           1      0.37500000         -0.05352966                     0.04470773    -0.04975406                         0.04838515
    SCEL8_4_1_2_0_0_1/9           1      0.50000000         -0.05011262                     0.06809583    -0.05009109                         0.06740552
    SCEL8_4_1_2_0_0_1/10          1      0.37500000         -0.02318776                     0.06677457    -0.02417458                         0.06698841
    SCEL8_4_1_2_0_0_1/11          1      0.25000000         -0.01325301                     0.05159696    -0.00907527                         0.05783411
    SCEL8_4_1_2_0_0_1/12          1      0.12500000         -0.01565939                     0.02063575    -0.01175922                         0.03083819
    SCEL8_4_1_2_0_0_1/13          1      0.50000000         -0.06557093                     0.05779030    -0.07057617                         0.05374880
    SCEL8_4_1_2_0_0_1/14          1      0.50000000         -0.10018092                     0.03471697    -0.09618250                         0.03667791
    SCEL8_4_1_2_0_0_1/15          1      0.37500000         -0.06424761                     0.03691286    -0.07851645                         0.02746704
    SCEL8_4_1_2_0_1_0/0           1      0.87500000         -0.04477248                     0.01416695    -0.04600754                         0.01332376
    SCEL8_4_1_2_0_1_0/1           1      0.75000000         -0.04176495                     0.03801793    -0.04406682                         0.03651150
    SCEL8_4_1_2_0_1_0/2           1      0.75000000         -0.04961916                     0.03352982    -0.04959929                         0.03335009
    SCEL8_4_1_2_0_1_0/3           1      0.62500000         -0.01364620                     0.07202950    -0.02045737                         0.06715279
    SCEL8_4_1_2_0_1_0/4           1      0.75000000         -0.07411234                     0.01953371    -0.08035517                         0.01577530
    SCEL8_4_1_2_0_1_0/5           1      0.62500000         -0.04860316                     0.05051753    -0.05003607                         0.04895052
    SCEL8_4_1_2_0_1_0/6           1      0.50000000         -0.01694072                     0.09021044    -0.01506501                         0.09075623
    SCEL8_4_1_2_0_1_0/7           1      0.62500000         -0.08379402                     0.02886162    -0.08452691                         0.02772538
    SCEL8_4_1_2_0_1_0/8           1      0.62500000         -0.07719967                     0.03291968    -0.07368335                         0.03439834
    SCEL8_4_1_2_0_1_0/9           1      0.50000000         -0.04686177                     0.07026307    -0.04606495                         0.07008961
    SCEL8_4_1_2_0_1_0/10          1      0.50000000         -0.05313861                     0.06607851    -0.05090782                         0.06686103
    SCEL8_4_1_2_0_1_0/11          1      0.37500000         -0.02800354                     0.06327219    -0.02742589                         0.06462381
    SCEL8_4_1_2_0_1_0/12          1      0.62500000         -0.08415064                     0.02864216    -0.07132728                         0.03584823
    SCEL8_4_1_2_0_1_0/13          1      0.50000000         -0.04033687                     0.07461300    -0.04787668                         0.06888179
    SCEL8_4_1_2_0_1_0/14          1      0.50000000         -0.05218589                     0.06671366    -0.05779394                         0.06227029
    SCEL8_4_1_2_0_1_0/15          1      0.37500000         -0.02227086                     0.06744141    -0.02228931                         0.06835951
    SCEL8_4_1_2_0_1_0/16          1      0.37500000         -0.02180386                     0.06778104    -0.02941066                         0.06318035
    SCEL8_4_1_2_0_1_0/17          1      0.25000000         -0.01436879                     0.05070434    -0.02114344                         0.04817958
    SCEL8_4_1_2_0_1_0/18          1      0.50000000         -0.04151355                     0.07382855    -0.03710336                         0.07606400
    SCEL8_4_1_2_0_1_0/19          1      0.37500000         -0.03110091                     0.06101955    -0.03213081                         0.06120205
    SCEL8_4_1_2_0_1_0/20          1      0.37500000         -0.01220665                     0.07476083    -0.01492752                         0.07371354
    SCEL8_4_1_2_0_1_0/21          1      0.25000000         -0.00939895                     0.05468021    -0.00855549                         0.05824994
    SCEL8_4_1_2_0_1_0/22          1      0.25000000         0.00308425                      0.06466677    0.00593649                          0.06984352
    SCEL8_4_1_2_0_1_0/23          1      0.12500000         -0.00026614                     0.03431864    -0.00118219                         0.04024000
    SCEL8_4_1_2_0_1_2/0           1      0.87500000         -0.06852068                     0.00150124    -0.06952834                         0.00077933
    SCEL8_4_1_2_0_1_2/1           1      0.75000000         -0.08831579                     0.01141746    -0.08646335                         0.01228491
    SCEL8_4_1_2_0_1_2/2           1      0.75000000         -0.10253332                     0.00329315    -0.10586521                         0.00119814
    SCEL8_4_1_2_0_1_2/3           1      0.62500000         -0.09211766                     0.02373938    -0.08683442                         0.02630538
    SCEL8_4_1_2_0_1_2/4           1      0.75000000         -0.08631660                     0.01255985    -0.08815200                         0.01131997
    SCEL8_4_1_2_0_1_2/5           1      0.62500000         -0.08696874                     0.02690794    -0.08694071                         0.02623996
    SCEL8_4_1_2_0_1_2/6           1      0.50000000         -0.06201191                     0.06016298    -0.06246094                         0.05915895
    SCEL8_4_1_2_0_1_2/7           1      0.62500000         -0.08359522                     0.02898396    -0.08523302                         0.02729085
    SCEL8_4_1_2_0_1_2/8           1      0.62500000         -0.10130430                     0.01808606    -0.09979219                         0.01833136
    SCEL8_4_1_2_0_1_2/9           1      0.50000000         -0.06001771                     0.06149244    -0.05935875                         0.06122708
    SCEL8_4_1_2_0_1_2/10          1      0.50000000         -0.07245922                     0.05319810    -0.07179017                         0.05293946
    SCEL8_4_1_2_0_1_2/11          1      0.37500000         -0.03304008                     0.05960925    -0.03179046                         0.06144958
    SCEL8_4_1_2_0_1_2/12          1      0.62500000         -0.10675559                     0.01473142    -0.09843239                         0.01916816
    SCEL8_4_1_2_0_1_2/13          1      0.50000000         -0.06790495                     0.05623428    -0.06354059                         0.05843918
    SCEL8_4_1_2_0_1_2/14          1      0.50000000         -0.07413722                     0.05207944    -0.07030750                         0.05392791
    SCEL8_4_1_2_0_1_2/15          1      0.37500000         -0.03681878                     0.05686110    -0.03724727                         0.05748099
    SCEL8_4_1_2_0_1_2/16          1      0.37500000         -0.03768309                     0.05623251    -0.04034141                         0.05523071
    SCEL8_4_1_2_0_1_2/17          1      0.25000000         -0.01048845                     0.05380861    -0.00914291                         0.05778000
    SCEL8_4_1_2_0_1_2/18          1      0.50000000         -0.09250397                     0.03983494    -0.08661957                         0.04305320
    SCEL8_4_1_2_0_1_2/19          1      0.37500000         -0.01800907                     0.07054089    -0.01845292                         0.07114961
    SCEL8_4_1_2_0_1_2/20          1      0.37500000         -0.07083539                     0.03212175    -0.07058862                         0.03323274
    SCEL8_4_1_2_0_1_2/21          1      0.25000000         -0.00722323                     0.05642079    -0.00569720                         0.06053657
    SCEL8_4_1_2_0_1_2/22          1      0.25000000         -0.04113040                     0.02929505    -0.03803174                         0.03466893
    SCEL8_4_1_2_0_1_2/23          1      0.12500000         -0.00740560                     0.02797245    -0.00536551                         0.03652148
    SCEL8_4_2_1_0_0_2/0           1      0.87500000         -0.03678100                     0.01842907    -0.03856130                         0.01729508
    SCEL8_4_2_1_0_0_2/1           1      0.75000000         -0.06309529                     0.02582917    -0.05332210                         0.03122277
    SCEL8_4_2_1_0_0_2/2           1      0.62500000         -0.05735655                     0.04513083    -0.06014015                         0.04273262
    SCEL8_4_2_1_0_0_2/3           1      0.62500000         -0.06265069                     0.04187290    -0.06247846                         0.04129366
    SCEL8_4_2_1_0_0_2/4           1      0.62500000         -0.07631607                     0.03346343    -0.07555315                         0.03324770
    SCEL8_4_2_1_0_0_2/5           1      0.50000000         -0.04797130                     0.06952339    -0.05075374                         0.06696375
    SCEL8_4_2_1_0_0_2/6           1      0.37500000         -0.03198439                     0.06037702    -0.03213804                         0.06119680
    SCEL8_4_2_1_0_0_2/7           1      0.62500000         -0.05396037                     0.04722079    -0.04550803                         0.05173700
    SCEL8_4_2_1_0_0_2/8           1      0.37500000         -0.02741873                     0.06369750    -0.03258230                         0.06087370
    SCEL8_4_2_1_0_0_2/9           1      0.50000000         -0.05196274                     0.06686242    -0.05504494                         0.06410295
    SCEL8_4_2_1_0_0_2/10          1      0.37500000         -0.03410705                     0.05883327    -0.03568696                         0.05861576
    SCEL8_4_2_1_0_0_2/11          1      0.25000000         -0.01305839                     0.05175266    -0.01283556                         0.05482588
    SCEL8_4_2_1_0_0_2/12          1      0.12500000         -0.00361386                     0.03134289    -0.00703538                         0.03503716
    SCEL8_4_2_1_0_0_2/13          1      0.50000000         -0.04043564                     0.07454715    -0.03901264                         0.07479115
    SCEL8_4_2_1_0_0_2/14          1      0.50000000         -0.06090445                     0.06090128    -0.06332267                         0.05858447
    SCEL8_4_2_1_0_0_2/15          1      0.37500000         -0.02948772                     0.06219278    -0.03321811                         0.06041129
    SCEL8_4_2_1_1_2_0/0           1      0.87500000         -0.07133551                     0.00000000    -0.07098959                         0.00000000
    SCEL8_4_2_1_1_2_0/1           1      0.75000000         -0.04815660                     0.03436556    -0.05361001                         0.03105825
    SCEL8_4_2_1_1_2_0/2           1      0.62500000         -0.07576478                     0.03380269    -0.07974240                         0.03066969
    SCEL8_4_2_1_1_2_0/3           1      0.75000000         -0.10829633                     0.00000000    -0.10796195                         0.00000000
    SCEL8_4_2_1_1_2_0/4           1      0.62500000         -0.09001154                     0.02503545    -0.09552149                         0.02095949
    SCEL8_4_2_1_1_2_0/5           1      0.62500000         -0.04175448                     0.05473210    -0.03796391                         0.05637954
    SCEL8_4_2_1_1_2_0/6           1      0.50000000         -0.04928290                     0.06864899    -0.05195323                         0.06616409
    SCEL8_4_2_1_1_2_0/7           1      0.62500000         -0.09928524                     0.01932856    -0.09824038                         0.01928632
    SCEL8_4_2_1_1_2_0/8           1      0.37500000         -0.02675647                     0.06417914    -0.03165261                         0.06154984
    SCEL8_4_2_1_1_2_0/9           1      0.50000000         -0.05410341                     0.06543531    -0.06109703                         0.06006823
    SCEL8_4_2_1_1_2_0/10          1      0.37500000         -0.02382511                     0.06631104    -0.02527170                         0.06619050
    SCEL8_4_2_1_1_2_0/11          1      0.50000000         -0.05251337                     0.06649534    -0.05195657                         0.06616186
    SCEL8_4_2_1_1_2_0/12          1      0.37500000         -0.05390668                     0.04443354    -0.05089409                         0.04755603
    SCEL8_4_2_1_1_2_0/13          1      0.25000000         -0.03956613                     0.03054647    -0.03797606                         0.03471348
    SCEL8_4_2_1_1_2_0/14          1      0.37500000         -0.02001352                     0.06908311    -0.01798767                         0.07148798
    SCEL8_4_2_1_1_2_0/15          1      0.12500000         -0.00581313                     0.02938797    -0.01151989                         0.03105093
    SCEL8_4_2_1_1_2_0/16          1      0.50000000         -0.05099976                     0.06750441    -0.05159457                         0.06640319
    SCEL8_4_2_1_1_2_0/17          1      0.25000000         -0.00037664                     0.06189806    0.00085491                          0.06577825
    SCEL8_4_2_1_1_3_1/0           1      0.87500000         -0.05497019                     0.00872817    -0.05433773                         0.00888099
    SCEL8_4_2_1_1_3_1/1           1      0.75000000         -0.09240085                     0.00908313    -0.09109251                         0.00963968
    SCEL8_4_2_1_1_3_1/2           1      0.75000000         -0.04228890                     0.03771853    -0.03480388                         0.04180461
    SCEL8_4_2_1_1_3_1/3           1      0.62500000         -0.08358165                     0.02899231    -0.08156103                         0.02955054
    SCEL8_4_2_1_1_3_1/4           1      0.62500000         -0.05636415                     0.04574154    -0.05351154                         0.04681176
    SCEL8_4_2_1_1_3_1/5           1      0.50000000         -0.05301198                     0.06616293    -0.05494037                         0.06417266
    SCEL8_4_2_1_1_3_1/6           1      0.62500000         -0.08199200                     0.02997055    -0.08316426                         0.02856394
    SCEL8_4_2_1_1_3_1/7           1      0.62500000         -0.02213884                     0.06680327    -0.01557252                         0.07015886
    SCEL8_4_2_1_1_3_1/8           1      0.50000000         -0.03601404                     0.07749489    -0.03771756                         0.07565454
    SCEL8_4_2_1_1_3_1/9           1      0.50000000         -0.03890077                     0.07557041    -0.03682476                         0.07624973
    SCEL8_4_2_1_1_3_1/10          1      0.37500000         -0.02213013                     0.06754376    -0.02246667                         0.06823053
    SCEL8_4_2_1_1_3_1/11          1      0.50000000         -0.07633991                     0.05061097    -0.08174786                         0.04630100
    SCEL8_4_2_1_1_3_1/12          1      0.37500000         -0.03657605                     0.05703763    -0.03934028                         0.05595881
    SCEL8_4_2_1_1_3_1/13          1      0.37500000         -0.01503242                     0.07270573    -0.02085582                         0.06940205
    SCEL8_4_2_1_1_3_1/14          1      0.25000000         -0.01319292                     0.05164503    -0.00574488                         0.06049843
    SCEL8_4_2_1_1_3_1/15          1      0.37500000         -0.04638536                     0.04990359    -0.04373424                         0.05276320
    SCEL8_4_2_1_1_3_1/16          1      0.25000000         -0.04164957                     0.02887971    -0.03992641                         0.03315320
    SCEL8_4_2_1_1_3_1/17          1      0.12500000         -0.01668630                     0.01972294    -0.01225705                         0.03039567
    SCEL8_4_2_1_1_3_2/0           1      0.87500000         -0.03075906                     0.02164077    -0.02605636                         0.02396439
    SCEL8_4_2_1_1_3_2/1           1      0.75000000         -0.05631716                     0.02970238    -0.05575384                         0.02983320
    SCEL8_4_2_1_1_3_2/2           1      0.62500000         -0.04944452                     0.04999977    -0.05141510                         0.04810188
    SCEL8_4_2_1_1_3_2/3           1      0.62500000         -0.01878846                     0.06886504    -0.01956358                         0.06770282
    SCEL8_4_2_1_1_3_2/4           1      0.62500000         -0.01830864                     0.06916031    -0.01646155                         0.06961176
    SCEL8_4_2_1_1_3_2/5           1      0.50000000         -0.05183783                     0.06694569    -0.05084013                         0.06690615
    SCEL8_4_2_1_1_3_2/6           1      0.37500000         -0.03860423                     0.05556259    -0.03278156                         0.06072879
    SCEL8_4_2_1_1_3_2/7           1      0.62500000         -0.08672499                     0.02705794    -0.09017542                         0.02424937
    SCEL8_4_2_1_1_3_2/8           1      0.37500000         -0.05539967                     0.04334773    -0.05214023                         0.04664975
    SCEL8_4_2_1_1_3_2/9           1      0.50000000         -0.01374220                     0.09234279    -0.01338411                         0.09187683
    SCEL8_4_2_1_1_3_2/10          1      0.37500000         -0.04564070                     0.05044516    -0.04795034                         0.04969695
    SCEL8_4_2_1_1_3_2/11          1      0.25000000         -0.05223382                     0.02041231    -0.05870923                         0.01812694
    SCEL8_4_2_1_1_3_2/12          1      0.12500000         -0.03648095                     0.00212769    -0.04431600                         0.00189883
    SCEL8_4_2_1_1_3_2/13          1      0.50000000         -0.07838439                     0.04924799    -0.07523320                         0.05064411
    SCEL8_4_2_1_1_3_2/14          1      0.50000000         -0.05343893                     0.06587829    -0.05309025                         0.06540608
    SCEL8_4_2_1_1_3_2/15          1      0.37500000         -0.09026231                     0.01799308    -0.09038947                         0.01883212
    SCEL8_8_1_1_0_0_3/0           1      0.87500000         -0.03594683                     0.01887396    -0.03942174                         0.01683618
    SCEL8_8_1_1_0_0_3/1           1      0.75000000         -0.05637874                     0.02966720    -0.05453161                         0.03053162
    SCEL8_8_1_1_0_0_3/2           1      0.75000000         -0.08941188                     0.01079112    -0.08077900                         0.01553311
    SCEL8_8_1_1_0_0_3/3           1      0.62500000         -0.05623644                     0.04582013    -0.05538571                         0.04565843
    SCEL8_8_1_1_0_0_3/4           1      0.62500000         -0.08097665                     0.03059538    -0.07994590                         0.03054447
    SCEL8_8_1_1_0_0_3/5           1      0.50000000         -0.05338680                     0.06591305    -0.05252790                         0.06578097
    SCEL8_8_1_1_0_0_3/6           1      0.62500000         -0.05339640                     0.04756785    -0.04585710                         0.05152219
    SCEL8_8_1_1_0_0_3/7           1      0.62500000         -0.06316181                     0.04155836    -0.06159947                         0.04183457
    SCEL8_8_1_1_0_0_3/8           1      0.50000000         -0.04734494                     0.06994095    -0.04971246                         0.06765794
    SCEL8_8_1_1_0_0_3/9           1      0.50000000         -0.06117804                     0.06071889    -0.06582146                         0.05691860
    SCEL8_8_1_1_0_0_3/10          1      0.37500000         -0.03587831                     0.05754508    -0.03438450                         0.05956301
    SCEL8_8_1_1_0_0_3/11          1      0.50000000         -0.04008690                     0.07477965    -0.03443129                         0.07784539
    SCEL8_8_1_1_0_0_3/12          1      0.37500000         -0.02552330                     0.06507600    -0.02755451                         0.06453028
    SCEL8_8_1_1_0_0_3/13          1      0.37500000         -0.03286825                     0.05973422    -0.03182776                         0.06142246
    SCEL8_8_1_1_0_0_3/14          1      0.25000000         -0.01379804                     0.05116094    -0.00954348                         0.05745954
    SCEL8_8_1_1_0_0_3/15          1      0.37500000         -0.02627725                     0.06452767    -0.03242001                         0.06099173
    SCEL8_8_1_1_0_0_3/16          1      0.25000000         -0.02105582                     0.04535472    -0.02064075                         0.04858173
    SCEL8_8_1_1_0_0_3/17          1      0.12500000         -0.00438037                     0.03066154    -0.00513366                         0.03672757
    SCEL8_8_1_1_0_0_5/0           1      0.87500000         -0.03043683                     0.02181263    -0.03744987                         0.01788785
    SCEL8_8_1_1_0_0_5/1           1      0.75000000         -0.05410015                     0.03096925    -0.04591123                         0.03545755
    SCEL8_8_1_1_0_0_5/2           1      0.75000000         -0.05977497                     0.02772649    -0.06174545                         0.02640943
    SCEL8_8_1_1_0_0_5/3           1      0.62500000         -0.02853539                     0.06286693    -0.02695344                         0.06315521
    SCEL8_8_1_1_0_0_5/4           1      0.62500000         -0.07990173                     0.03125687    -0.06721485                         0.03837896
    SCEL8_8_1_1_0_0_5/5           1      0.50000000         -0.03122195                     0.08068961    -0.03242232                         0.07918470
    SCEL8_8_1_1_0_0_5/6           1      0.62500000         -0.05341137                     0.04755863    -0.05383791                         0.04661092
    SCEL8_8_1_1_0_0_5/7           1      0.62500000         -0.06791165                     0.03863538    -0.05779267                         0.04417722
    SCEL8_8_1_1_0_0_5/8           1      0.50000000         -0.04129185                     0.07397635    -0.03542988                         0.07717965
    SCEL8_8_1_1_0_0_5/9           1      0.50000000         -0.05810174                     0.06276975    -0.06442431                         0.05785004
    SCEL8_8_1_1_0_0_5/10          1      0.37500000         -0.02218325                     0.06750512    -0.02007320                         0.06997122
    SCEL8_8_1_1_0_0_5/11          1      0.50000000         -0.01395508                     0.09220086    -0.01182330                         0.09291738
    SCEL8_8_1_1_0_0_5/12          1      0.37500000         -0.00839057                     0.07753616    -0.00773361                         0.07894548
    SCEL8_8_1_1_0_0_5/13          1      0.37500000         -0.02769005                     0.06350018    -0.02741038                         0.06463509
    SCEL8_8_1_1_0_0_5/14          1      0.25000000         -0.00136235                     0.06110949    0.00010342                          0.06517706
    SCEL8_8_1_1_0_0_5/15          1      0.37500000         -0.01782726                     0.07067312    -0.01764466                         0.07173744
    SCEL8_8_1_1_0_0_5/16          1      0.25000000         -0.00496742                     0.05822543    -0.00201031                         0.06348608
    SCEL8_8_1_1_0_0_5/17          1      0.12500000         -0.00001722                     0.03453990    0.00117874                          0.04233860
    SCEL8_8_1_1_0_0_6/0           1      0.87500000         -0.05881718                     0.00667644    -0.05046009                         0.01094907
    SCEL8_8_1_1_0_0_6/1           1      0.75000000         -0.05317446                     0.03149821    -0.04700734                         0.03483120
    SCEL8_8_1_1_0_0_6/2           1      0.75000000         -0.05634875                     0.02968433    -0.06901675                         0.02225440
    SCEL8_8_1_1_0_0_6/3           1      0.62500000         -0.03005400                     0.06193240    -0.03619891                         0.05746569
    SCEL8_8_1_1_0_0_6/4           1      0.75000000         -0.08397616                     0.01389724    -0.09207985                         0.00907549
    SCEL8_8_1_1_0_0_6/5           1      0.62500000         -0.05944894                     0.04384321    -0.06491804                         0.03979238
    SCEL8_8_1_1_0_0_6/6           1      0.50000000         -0.02658248                     0.08378260    -0.02567876                         0.08368040
    SCEL8_8_1_1_0_0_6/7           1      0.62500000         -0.08737419                     0.02665844    -0.08730068                         0.02601845
    SCEL8_8_1_1_0_0_6/8           1      0.62500000         -0.08593544                     0.02754382    -0.08427007                         0.02788344
    SCEL8_8_1_1_0_0_6/9           1      0.50000000         -0.05483212                     0.06494950    -0.05483673                         0.06424176
    SCEL8_8_1_1_0_0_6/10          1      0.50000000         -0.06603073                     0.05748376    -0.06483361                         0.05757717
    SCEL8_8_1_1_0_0_6/11          1      0.37500000         -0.02618075                     0.06459785    -0.02843705                         0.06388843
    SCEL8_8_1_1_0_0_6/12          1      0.62500000         -0.10591483                     0.01524881    -0.10457015                         0.01539108
    SCEL8_8_1_1_0_0_6/13          1      0.50000000         -0.06083748                     0.06094593    -0.06359781                         0.05840104
    SCEL8_8_1_1_0_0_6/14          1      0.50000000         -0.07104643                     0.05413997    -0.06968283                         0.05434436
    SCEL8_8_1_1_0_0_6/15          1      0.37500000         -0.03951722                     0.05489860    -0.03669381                         0.05788351
    SCEL8_8_1_1_0_0_6/16          1      0.37500000         -0.03308824                     0.05957422    -0.03708217                         0.05760107
    SCEL8_8_1_1_0_0_6/17          1      0.25000000         -0.01738335                     0.04829269    -0.01514899                         0.05297514
    SCEL8_8_1_1_0_0_6/18          1      0.50000000         -0.08489014                     0.04491082    -0.08327605                         0.04528221
    SCEL8_8_1_1_0_0_6/19          1      0.37500000         -0.02976081                     0.06199417    -0.03154691                         0.06162671
    SCEL8_8_1_1_0_0_6/20          1      0.37500000         -0.05676760                     0.04235287    -0.05835516                         0.04212981
    SCEL8_8_1_1_0_0_6/21          1      0.25000000         -0.02138806                     0.04508893    -0.01542718                         0.05275258
    SCEL8_8_1_1_0_0_6/22          1      0.25000000         -0.02325932                     0.04359191    -0.02176836                         0.04767964
    SCEL8_8_1_1_0_0_6/23          1      0.12500000         -0.00679732                     0.02851314    -0.00425959                         0.03750453
    SCEL8_8_1_1_0_0_7/0           1      0.87500000         -0.03306582                     0.02041050    -0.02350999                         0.02532245
    SCEL8_8_1_1_0_0_7/1           1      0.75000000         -0.01602345                     0.05272736    -0.01676295                         0.05211371
    SCEL8_8_1_1_0_0_7/2           1      0.75000000         -0.03815319                     0.04008179    -0.03472925                         0.04184725
    SCEL8_8_1_1_0_0_7/3           1      0.62500000         -0.02228039                     0.06671616    -0.02177224                         0.06634364
    SCEL8_8_1_1_0_0_7/4           1      0.75000000         -0.06740759                     0.02336500    -0.05544708                         0.03000850
    SCEL8_8_1_1_0_0_7/5           1      0.62500000         -0.02262699                     0.06650287    -0.02477651                         0.06449486
    SCEL8_8_1_1_0_0_7/6           1      0.50000000         -0.01957906                     0.08845154    -0.01491229                         0.09085805
    SCEL8_8_1_1_0_0_7/7           1      0.62500000         -0.03118646                     0.06123550    -0.03810986                         0.05628972
    SCEL8_8_1_1_0_0_7/8           1      0.62500000         -0.02486200                     0.06512747    -0.03577220                         0.05772828
    SCEL8_8_1_1_0_0_7/9           1      0.50000000         -0.01884416                     0.08894147    -0.02512052                         0.08405256
    SCEL8_8_1_1_0_0_7/10          1      0.50000000         -0.00810879                     0.09609839    -0.00974462                         0.09430316
    SCEL8_8_1_1_0_0_7/11          1      0.37500000         -0.00505550                     0.07996167    -0.00889812                         0.07809856
    SCEL8_8_1_1_0_0_7/12          1      0.62500000         -0.06840962                     0.03832894    -0.07033841                         0.03645677
    SCEL8_8_1_1_0_0_7/13          1      0.50000000         -0.04801412                     0.06949483    -0.05230226                         0.06593141
    SCEL8_8_1_1_0_0_7/14          1      0.50000000         -0.03515347                     0.07806860    -0.03500256                         0.07746453
    SCEL8_8_1_1_0_0_7/15          1      0.37500000         -0.03050070                     0.06145607    -0.02744368                         0.06461088
    SCEL8_8_1_1_0_0_7/16          1      0.37500000         -0.02548332                     0.06510507    -0.02478278                         0.06654608
    SCEL8_8_1_1_0_0_7/17          1      0.25000000         -0.02154677                     0.04496195    -0.01757809                         0.05103185
    SCEL8_8_1_1_0_0_7/18          1      0.50000000         -0.02950600                     0.08183359    -0.03646213                         0.07649149
    SCEL8_8_1_1_0_0_7/19          1      0.37500000         -0.02336396                     0.06664642    -0.02327286                         0.06764421
    SCEL8_8_1_1_0_0_7/20          1      0.37500000         -0.00542147                     0.07969551    -0.00343161                         0.08207420
    SCEL8_8_1_1_0_0_7/21          1      0.25000000         -0.01132908                     0.05313611    -0.00935579                         0.05760970
    SCEL8_8_1_1_0_0_7/22          1      0.25000000         -0.00492644                     0.05825822    -0.00222955                         0.06331069
    SCEL8_8_1_1_0_0_7/23          1      0.12500000         -0.00360114                     0.03135419    -0.00730657                         0.03479610
    SCEL8_8_1_1_0_1_0/0           1      0.87500000         -0.03853707                     0.01749250    -0.03989841                         0.01658196
    SCEL8_8_1_1_0_1_0/1           1      0.75000000         -0.03787641                     0.04023995    -0.03859070                         0.03964071
    SCEL8_8_1_1_0_1_0/2           1      0.75000000         -0.04002867                     0.03901009    -0.04549983                         0.03569264
    SCEL8_8_1_1_0_1_0/3           1      0.62500000         -0.02963931                     0.06218759    -0.03116186                         0.06056541
    SCEL8_8_1_1_0_1_0/4           1      0.75000000         -0.08252580                     0.01472602    -0.07804862                         0.01709333
    SCEL8_8_1_1_0_1_0/5           1      0.62500000         -0.04428546                     0.05317457    -0.04780986                         0.05032049
    SCEL8_8_1_1_0_1_0/6           1      0.50000000         -0.03181341                     0.08029531    -0.03080585                         0.08026234
    SCEL8_8_1_1_0_1_0/7           1      0.62500000         -0.06610179                     0.03974914    -0.06439946                         0.04011150
    SCEL8_8_1_1_0_1_0/8           1      0.62500000         -0.05140241                     0.04879491    -0.04553413                         0.05172094
    SCEL8_8_1_1_0_1_0/9           1      0.50000000         -0.03248699                     0.07984625    -0.03044394                         0.08050361
    SCEL8_8_1_1_0_1_0/10          1      0.50000000         -0.04008856                     0.07477854    -0.04189823                         0.07286743
    SCEL8_8_1_1_0_1_0/11          1      0.37500000         -0.01134540                     0.07538719    -0.01448551                         0.07403500
    SCEL8_8_1_1_0_1_0/12          1      0.62500000         -0.08297805                     0.02936375    -0.08644430                         0.02654545
    SCEL8_8_1_1_0_1_0/13          1      0.50000000         -0.05917327                     0.06205541    -0.06554196                         0.05710493
    SCEL8_8_1_1_0_1_0/14          1      0.50000000         -0.05978997                     0.06164427    -0.05641550                         0.06318924
    SCEL8_8_1_1_0_1_0/15          1      0.37500000         -0.05088455                     0.04663145    -0.04795679                         0.04969225
    SCEL8_8_1_1_0_1_0/16          1      0.37500000         -0.03923830                     0.05510145    -0.03888074                         0.05629302
    SCEL8_8_1_1_0_1_0/17          1      0.25000000         -0.02460954                     0.04251174    -0.02181112                         0.04764543
    SCEL8_8_1_1_0_1_0/18          1      0.50000000         -0.06307382                     0.05945504    -0.06912079                         0.05471905
    SCEL8_8_1_1_0_1_0/19          1      0.37500000         -0.02525640                     0.06527010    -0.02507431                         0.06633405
    SCEL8_8_1_1_0_1_0/20          1      0.37500000         -0.05452291                     0.04398537    -0.05612703                         0.04375026
    SCEL8_8_1_1_0_1_0/21          1      0.25000000         -0.02460277                     0.04251715    -0.02695870                         0.04352737
    SCEL8_8_1_1_0_1_0/22          1      0.25000000         -0.04735176                     0.02431796    -0.04762811                         0.02699184
    SCEL8_8_1_1_0_1_0/23          1      0.12500000         -0.01806878                     0.01849407    -0.02277561                         0.02104584
    SCEL8_8_1_1_0_4_3/0           1      0.87500000         -0.02732269                     0.02347350    -0.02499580                         0.02453002
    SCEL8_8_1_1_0_4_3/1           1      0.75000000         -0.04970039                     0.03348340    -0.05475284                         0.03040520
    SCEL8_8_1_1_0_4_3/2           1      0.75000000         -0.00765481                     0.05750944    -0.00564456                         0.05846708
    SCEL8_8_1_1_0_4_3/3           1      0.62500000         -0.04807710                     0.05084126    -0.05074454                         0.04851453
    SCEL8_8_1_1_0_4_3/4           1      0.62500000         -0.03553172                     0.05856149    -0.04344448                         0.05300688
    SCEL8_8_1_1_0_4_3/5           1      0.50000000         -0.06300308                     0.05950220    -0.06192294                         0.05951762
    SCEL8_8_1_1_0_4_3/6           1      0.62500000         -0.04341632                     0.05370943    -0.05147466                         0.04806523
    SCEL8_8_1_1_0_4_3/7           1      0.62500000         -0.01365317                     0.07202521    -0.01322049                         0.07160626
    SCEL8_8_1_1_0_4_3/8           1      0.50000000         -0.04647536                     0.07052068    -0.04567672                         0.07034843
    SCEL8_8_1_1_0_4_3/9           1      0.50000000         -0.03033165                     0.08128315    -0.03055260                         0.08043117
    SCEL8_8_1_1_0_4_3/10          1      0.37500000         -0.05176956                     0.04598781    -0.05496102                         0.04459827
    SCEL8_8_1_1_0_4_3/11          1      0.50000000         -0.04494072                     0.07154377    -0.04773789                         0.06897432
    SCEL8_8_1_1_0_4_3/12          1      0.37500000         -0.06919739                     0.03331302    -0.06484625                         0.03740901
    SCEL8_8_1_1_0_4_3/13          1      0.37500000         -0.03651522                     0.05708187    -0.02755858                         0.06452731
    SCEL8_8_1_1_0_4_3/14          1      0.25000000         -0.04997847                     0.02221659    -0.04938341                         0.02558760
    SCEL8_8_1_1_0_4_3/15          1      0.37500000         -0.05441505                     0.04406381    -0.05331990                         0.04579181
    SCEL8_8_1_1_0_4_3/16          1      0.25000000         -0.06719520                     0.00844321    -0.06429062                         0.01366184
    SCEL8_8_1_1_0_4_3/17          1      0.12500000         -0.03318836                     0.00505444    -0.04021315                         0.00554581
    SCEL8_8_1_1_0_5_2/0           1      0.87500000         -0.04971455                     0.01153118    -0.05454998                         0.00876779
    SCEL8_8_1_1_0_5_2/1           1      0.75000000         -0.07462497                     0.01924078    -0.07739798                         0.01746512
    SCEL8_8_1_1_0_5_2/2           1      0.75000000         -0.08000258                     0.01616786    -0.07350648                         0.01968884
    SCEL8_8_1_1_0_5_2/3           1      0.62500000         -0.05675456                     0.04550128    -0.05450761                         0.04619880
    SCEL8_8_1_1_0_5_2/4           1      0.75000000         -0.10377156                     0.00258558    -0.10756367                         0.00022759
    SCEL8_8_1_1_0_5_2/5           1      0.62500000         -0.09814148                     0.02003241    -0.09372379                         0.02206576
    SCEL8_8_1_1_0_5_2/6           1      0.50000000         -0.04461945                     0.07175795    -0.04648108                         0.06981219
    SCEL8_8_1_1_0_5_2/8           1      0.62500000         -0.03346549                     0.05983302    -0.04407205                         0.05262068
    SCEL8_8_1_1_0_5_2/9           1      0.50000000         -0.04876361                     0.06899518    -0.05094136                         0.06683867
    SCEL8_8_1_1_0_5_2/10          1      0.50000000         -0.10388932                     0.03224470    -0.10305302                         0.03209757
    SCEL8_8_1_1_0_5_2/11          1      0.37500000         -0.03415869                     0.05879571    -0.03485581                         0.05922024
    SCEL8_8_1_1_0_5_2/12          1      0.62500000         -0.12355070                     0.00439597    -0.11882181                         0.00662083
    SCEL8_8_1_1_0_5_2/13          1      0.50000000         -0.07971580                     0.04836038    -0.08512591                         0.04404897
    SCEL8_8_1_1_0_5_2/14          1      0.50000000         -0.07986446                     0.04826127    -0.08051936                         0.04712000
    SCEL8_8_1_1_0_5_2/15          1      0.37500000         -0.04595291                     0.05021810    -0.04667226                         0.05062646
    SCEL8_8_1_1_0_5_2/16          1      0.37500000         -0.09051272                     0.01781096    -0.09260651                         0.01721973
    SCEL8_8_1_1_0_5_2/17          1      0.25000000         -0.03964940                     0.03047985    -0.03649800                         0.03589593
    SCEL8_8_1_1_0_5_2/18          1      0.50000000         -0.10360926                     0.03243141    -0.10589317                         0.03020413
    SCEL8_8_1_1_0_5_2/19          1      0.37500000         -0.05466114                     0.04388484    -0.04975790                         0.04838235
    SCEL8_8_1_1_0_5_2/20          1      0.37500000         -0.07666339                     0.02788320    -0.08022476                         0.02622464
    SCEL8_8_1_1_0_5_2/21          1      0.25000000         -0.03576738                     0.03358547    -0.03741808                         0.03515987
    SCEL8_8_1_1_0_5_2/22          1      0.25000000         -0.05081061                     0.02155089    -0.04771843                         0.02691959
    SCEL8_8_1_1_0_5_2/23          1      0.12500000         -0.02659975                     0.01091098    -0.02829403                         0.01614058
